day	region	casualties	evacuated	shelter	risk
0	Region01	0	0	0	0.8
0	Region02	0	0	0	0.4
0	Region03	0	0	0	0.4
0	Region04	0	0	0	0.2
0	Region05	0	0	0	0.2
0	Region06	0	0	0	0.2
0	Region07	0	0	0	0.2
0	Region08	0	0	0	0.2
0	Region09	0	0	0	0.6
0	Region10	0	0	0	0.2
0	Region11	0	0	0	0.4
0	Region12	0	0	0	0.2
0	Region13	0	0	0	0.2
0	Region14	0	0	0	0.2
0	Region15	0	0	0	0.4
0	Region16	0	0	0	0.2
0	Region17	0	0	0	0.2
0	Region18	0	0	0	0.2
0	Region19	0	0	0	0.6
0	Region20	0	0	0	0.2
0	Region21	0	0	0	0.4
0	Region22	0	0	0	0.2
0	Region23	0	0	0	0.4
0	Region24	0	0	0	0.4
0	Region25	0	0	0	0.2
1	Region01	0	0	1	0.6400000000000001
1	Region02	0	0	0	0.32000000000000006
1	Region03	0	0	0	0.32000000000000006
1	Region04	0	0	0	0.16000000000000003
1	Region05	0	0	0	0.16000000000000003
1	Region06	0	0	0	0.16000000000000003
1	Region07	0	0	0	0.16000000000000003
1	Region08	0	0	0	0.16000000000000003
1	Region09	0	0	0	0.48
1	Region10	0	0	0	0.16000000000000003
1	Region11	0	0	0	0.32000000000000006
1	Region12	0	0	0	0.16000000000000003
1	Region13	0	0	0	0.16000000000000003
1	Region14	0	0	0	0.16000000000000003
1	Region15	0	0	0	0.32000000000000006
1	Region16	0	0	0	0.16000000000000003
1	Region17	0	0	0	0.16000000000000003
1	Region18	0	0	0	0.16000000000000003
1	Region19	0	0	0	0.48
1	Region20	0	0	0	0.16000000000000003
1	Region21	0	0	0	0.32000000000000006
1	Region22	0	0	0	0.16000000000000003
1	Region23	0	0	0	0.32000000000000006
1	Region24	0	0	0	0.32000000000000006
1	Region25	0	0	0	0.16000000000000003
2	Region01	0	0	1	0.5120000000000001
2	Region02	0	0	0	0.25600000000000006
2	Region03	0	0	0	0.25600000000000006
2	Region04	0	0	0	0.12800000000000003
2	Region05	0	0	0	0.12800000000000003
2	Region06	0	0	0	0.12800000000000003
2	Region07	0	0	0	0.12800000000000003
2	Region08	0	0	0	0.12800000000000003
2	Region09	0	0	0	0.384
2	Region10	0	0	0	0.12800000000000003
2	Region11	0	0	0	0.25600000000000006
2	Region12	0	0	0	0.12800000000000003
2	Region13	0	0	0	0.12800000000000003
2	Region14	0	0	0	0.12800000000000003
2	Region15	0	0	0	0.25600000000000006
2	Region16	0	0	0	0.12800000000000003
2	Region17	0	0	0	0.12800000000000003
2	Region18	0	0	0	0.12800000000000003
2	Region19	0	0	0	0.384
2	Region20	0	0	0	0.12800000000000003
2	Region21	0	0	0	0.25600000000000006
2	Region22	0	0	0	0.12800000000000003
2	Region23	0	0	0	0.25600000000000006
2	Region24	0	0	0	0.25600000000000006
2	Region25	0	0	0	0.12800000000000003
3	Region01	0	0	1	0.40960000000000013
3	Region02	0	0	0	0.20480000000000007
3	Region03	0	0	0	0.20480000000000007
3	Region04	0	0	0	0.10240000000000003
3	Region05	0	0	0	0.10240000000000003
3	Region06	0	0	0	0.10240000000000003
3	Region07	0	0	0	0.10240000000000003
3	Region08	0	0	0	0.10240000000000003
3	Region09	0	0	0	0.30720000000000003
3	Region10	0	0	0	0.10240000000000003
3	Region11	0	0	0	0.20480000000000007
3	Region12	0	0	0	0.10240000000000003
3	Region13	0	0	0	0.10240000000000003
3	Region14	0	0	0	0.10240000000000003
3	Region15	0	0	0	0.20480000000000007
3	Region16	0	0	0	0.10240000000000003
3	Region17	0	0	0	0.10240000000000003
3	Region18	0	0	0	0.10240000000000003
3	Region19	0	0	0	0.30720000000000003
3	Region20	0	0	0	0.10240000000000003
3	Region21	0	0	0	0.20480000000000007
3	Region22	0	0	0	0.10240000000000003
3	Region23	0	0	0	0.20480000000000007
3	Region24	0	0	0	0.20480000000000007
3	Region25	0	0	0	0.10240000000000003
4	Region01	0	0	1	0.32768000000000014
4	Region02	0	0	0	0.16384000000000007
4	Region03	0	0	0	0.16384000000000007
4	Region04	0	0	0	0.08192000000000003
4	Region05	0	0	0	0.08192000000000003
4	Region06	0	0	0	0.08192000000000003
4	Region07	0	0	0	0.08192000000000003
4	Region08	0	0	0	0.08192000000000003
4	Region09	0	0	0	0.24576000000000003
4	Region10	0	0	0	0.08192000000000003
4	Region11	0	0	0	0.16384000000000007
4	Region12	0	0	0	0.08192000000000003
4	Region13	0	0	0	0.08192000000000003
4	Region14	0	0	0	0.08192000000000003
4	Region15	0	0	0	0.16384000000000007
4	Region16	0	0	0	0.08192000000000003
4	Region17	0	0	0	0.08192000000000003
4	Region18	0	0	0	0.08192000000000003
4	Region19	0	0	0	0.24576000000000003
4	Region20	0	0	0	0.08192000000000003
4	Region21	0	0	0	0.16384000000000007
4	Region22	0	0	0	0.08192000000000003
4	Region23	0	0	0	0.16384000000000007
4	Region24	0	0	0	0.16384000000000007
4	Region25	0	0	0	0.08192000000000003
5	Region01	0	0	1	0.2621440000000001
5	Region02	0	0	0	0.13107200000000005
5	Region03	0	0	0	0.13107200000000005
5	Region04	0	0	0	0.06553600000000002
5	Region05	0	0	0	0.06553600000000002
5	Region06	0	0	0	0.06553600000000002
5	Region07	0	0	0	0.06553600000000002
5	Region08	0	0	0	0.06553600000000002
5	Region09	0	0	0	0.19660800000000003
5	Region10	0	0	0	0.06553600000000002
5	Region11	0	0	0	0.13107200000000005
5	Region12	0	0	0	0.06553600000000002
5	Region13	0	0	0	0.06553600000000002
5	Region14	0	0	0	0.06553600000000002
5	Region15	0	0	0	0.13107200000000005
5	Region16	0	0	0	0.06553600000000002
5	Region17	0	0	0	0.06553600000000002
5	Region18	0	0	0	0.06553600000000002
5	Region19	0	0	0	0.19660800000000003
5	Region20	0	0	0	0.06553600000000002
5	Region21	0	0	0	0.13107200000000005
5	Region22	0	0	0	0.06553600000000002
5	Region23	0	0	0	0.13107200000000005
5	Region24	0	0	0	0.13107200000000005
5	Region25	0	0	0	0.06553600000000002
6	Region01	0	0	1	0.2097152000000001
6	Region02	0	0	0	0.10485760000000005
6	Region03	0	0	0	0.10485760000000005
6	Region04	0	0	0	0.052428800000000025
6	Region05	0	0	0	0.052428800000000025
6	Region06	0	0	0	0.052428800000000025
6	Region07	0	0	0	0.052428800000000025
6	Region08	0	0	0	0.052428800000000025
6	Region09	0	0	0	0.15728640000000005
6	Region10	0	0	0	0.052428800000000025
6	Region11	0	0	0	0.10485760000000005
6	Region12	0	0	0	0.052428800000000025
6	Region13	0	0	0	0.052428800000000025
6	Region14	0	0	0	0.052428800000000025
6	Region15	0	0	0	0.10485760000000005
6	Region16	0	0	0	0.052428800000000025
6	Region17	0	0	0	0.052428800000000025
6	Region18	0	0	0	0.052428800000000025
6	Region19	0	0	0	0.15728640000000005
6	Region20	0	0	0	0.052428800000000025
6	Region21	0	0	0	0.10485760000000005
6	Region22	0	0	0	0.052428800000000025
6	Region23	0	0	0	0.10485760000000005
6	Region24	0	0	0	0.10485760000000005
6	Region25	0	0	0	0.052428800000000025
7	Region01	0	0	1	0.1677721600000001
7	Region02	0	0	0	0.08388608000000004
7	Region03	0	0	0	0.08388608000000004
7	Region04	0	0	0	0.04194304000000002
7	Region05	0	0	0	0.04194304000000002
7	Region06	0	0	0	0.04194304000000002
7	Region07	0	0	0	0.04194304000000002
7	Region08	0	0	0	0.04194304000000002
7	Region09	0	0	0	0.12582912000000004
7	Region10	0	0	0	0.04194304000000002
7	Region11	0	0	0	0.08388608000000004
7	Region12	0	0	0	0.04194304000000002
7	Region13	0	0	0	0.04194304000000002
7	Region14	0	0	0	0.04194304000000002
7	Region15	0	0	0	0.08388608000000004
7	Region16	0	0	0	0.04194304000000002
7	Region17	0	0	0	0.04194304000000002
7	Region18	0	0	0	0.04194304000000002
7	Region19	0	0	0	0.12582912000000004
7	Region20	0	0	0	0.04194304000000002
7	Region21	0	0	0	0.08388608000000004
7	Region22	0	0	0	0.04194304000000002
7	Region23	0	0	0	0.08388608000000004
7	Region24	0	0	0	0.08388608000000004
7	Region25	0	0	0	0.04194304000000002
8	Region01	0	0	1	0.13421772800000006
8	Region02	0	0	0	0.06710886400000003
8	Region03	0	0	0	0.06710886400000003
8	Region04	0	0	0	0.033554432000000016
8	Region05	0	0	0	0.033554432000000016
8	Region06	0	0	0	0.033554432000000016
8	Region07	0	0	0	0.033554432000000016
8	Region08	0	0	0	0.033554432000000016
8	Region09	0	0	0	0.10066329600000004
8	Region10	0	0	0	0.033554432000000016
8	Region11	0	0	0	0.06710886400000003
8	Region12	0	0	0	0.033554432000000016
8	Region13	0	0	0	0.033554432000000016
8	Region14	0	0	0	0.033554432000000016
8	Region15	0	0	0	0.06710886400000003
8	Region16	0	0	0	0.033554432000000016
8	Region17	0	0	0	0.033554432000000016
8	Region18	0	0	0	0.033554432000000016
8	Region19	0	0	0	0.10066329600000004
8	Region20	0	0	0	0.033554432000000016
8	Region21	0	0	0	0.06710886400000003
8	Region22	0	0	0	0.033554432000000016
8	Region23	0	0	0	0.06710886400000003
8	Region24	0	0	0	0.06710886400000003
8	Region25	0	0	0	0.033554432000000016
9	Region01	0	0	1	0.10737418240000006
9	Region02	0	0	0	0.05368709120000003
9	Region03	0	0	0	0.05368709120000003
9	Region04	0	0	0	0.026843545600000015
9	Region05	0	0	0	0.026843545600000015
9	Region06	0	0	0	0.026843545600000015
9	Region07	0	0	0	0.026843545600000015
9	Region08	0	0	0	0.026843545600000015
9	Region09	0	0	0	0.08053063680000004
9	Region10	0	0	0	0.026843545600000015
9	Region11	0	0	0	0.05368709120000003
9	Region12	0	0	0	0.026843545600000015
9	Region13	0	0	0	0.026843545600000015
9	Region14	0	0	0	0.026843545600000015
9	Region15	0	0	0	0.05368709120000003
9	Region16	0	0	0	0.026843545600000015
9	Region17	0	0	0	0.026843545600000015
9	Region18	0	0	0	0.026843545600000015
9	Region19	0	0	0	0.08053063680000004
9	Region20	0	0	0	0.026843545600000015
9	Region21	0	0	0	0.05368709120000003
9	Region22	0	0	0	0.026843545600000015
9	Region23	0	0	0	0.05368709120000003
9	Region24	0	0	0	0.05368709120000003
9	Region25	0	0	0	0.026843545600000015
10	Region01	0	0	1	0.08589934592000005
10	Region02	0	0	0	0.042949672960000025
10	Region03	0	0	0	0.042949672960000025
10	Region04	0	0	0	0.021474836480000013
10	Region05	0	0	0	0.021474836480000013
10	Region06	0	0	0	0.021474836480000013
10	Region07	0	0	0	0.021474836480000013
10	Region08	0	0	0	0.021474836480000013
10	Region09	0	0	0	0.06442450944000004
10	Region10	0	0	0	0.021474836480000013
10	Region11	0	0	0	0.042949672960000025
10	Region12	0	0	0	0.021474836480000013
10	Region13	0	0	0	0.021474836480000013
10	Region14	0	0	0	0.021474836480000013
10	Region15	0	0	0	0.042949672960000025
10	Region16	0	0	0	0.021474836480000013
10	Region17	0	0	0	0.021474836480000013
10	Region18	0	0	0	0.021474836480000013
10	Region19	0	0	0	0.06442450944000004
10	Region20	0	0	0	0.021474836480000013
10	Region21	0	0	0	0.042949672960000025
10	Region22	0	0	0	0.021474836480000013
10	Region23	0	0	0	0.042949672960000025
10	Region24	0	0	0	0.042949672960000025
10	Region25	0	0	0	0.021474836480000013
11	Region01	0	0	1	0.06871947673600004
11	Region02	0	0	0	0.03435973836800002
11	Region03	0	0	0	0.03435973836800002
11	Region04	0	0	0	0.01717986918400001
11	Region05	0	0	0	0.01717986918400001
11	Region06	0	0	0	0.01717986918400001
11	Region07	0	0	0	0.01717986918400001
11	Region08	0	0	0	0.01717986918400001
11	Region09	0	0	0	0.05153960755200004
11	Region10	0	0	0	0.01717986918400001
11	Region11	0	0	0	0.03435973836800002
11	Region12	0	0	0	0.01717986918400001
11	Region13	0	0	0	0.01717986918400001
11	Region14	0	0	0	0.01717986918400001
11	Region15	0	0	0	0.03435973836800002
11	Region16	0	0	0	0.01717986918400001
11	Region17	0	0	0	0.01717986918400001
11	Region18	0	0	0	0.01717986918400001
11	Region19	0	0	0	0.05153960755200004
11	Region20	0	0	0	0.01717986918400001
11	Region21	0	0	0	0.03435973836800002
11	Region22	0	0	0	0.01717986918400001
11	Region23	0	0	0	0.03435973836800002
11	Region24	0	0	0	0.03435973836800002
11	Region25	0	0	0	0.01717986918400001
12	Region01	0	0	1	0.054975581388800036
12	Region02	0	0	0	0.027487790694400018
12	Region03	0	0	0	0.027487790694400018
12	Region04	0	0	0	0.013743895347200009
12	Region05	0	0	0	0.013743895347200009
12	Region06	0	0	0	0.013743895347200009
12	Region07	0	0	0	0.013743895347200009
12	Region08	0	0	0	0.013743895347200009
12	Region09	0	0	0	0.04123168604160003
12	Region10	0	0	0	0.013743895347200009
12	Region11	0	0	0	0.027487790694400018
12	Region12	0	0	0	0.013743895347200009
12	Region13	0	0	0	0.013743895347200009
12	Region14	0	0	0	0.013743895347200009
12	Region15	0	0	0	0.027487790694400018
12	Region16	0	0	0	0.013743895347200009
12	Region17	0	0	0	0.013743895347200009
12	Region18	0	0	0	0.013743895347200009
12	Region19	0	0	0	0.04123168604160003
12	Region20	0	0	0	0.013743895347200009
12	Region21	0	0	0	0.027487790694400018
12	Region22	0	0	0	0.013743895347200009
12	Region23	0	0	0	0.027487790694400018
12	Region24	0	0	0	0.027487790694400018
12	Region25	0	0	0	0.013743895347200009
13	Region01	0	0	1	0.043980465111040035
13	Region02	0	0	0	0.021990232555520017
13	Region03	0	0	0	0.021990232555520017
13	Region04	0	0	0	0.010995116277760009
13	Region05	0	0	0	0.010995116277760009
13	Region06	0	0	0	0.010995116277760009
13	Region07	0	0	0	0.010995116277760009
13	Region08	0	0	0	0.010995116277760009
13	Region09	0	0	0	0.032985348833280026
13	Region10	0	0	0	0.010995116277760009
13	Region11	0	0	0	0.021990232555520017
13	Region12	0	0	0	0.010995116277760009
13	Region13	0	0	0	0.010995116277760009
13	Region14	0	0	0	0.010995116277760009
13	Region15	0	0	0	0.021990232555520017
13	Region16	0	0	0	0.010995116277760009
13	Region17	0	0	0	0.010995116277760009
13	Region18	0	0	0	0.010995116277760009
13	Region19	0	0	0	0.032985348833280026
13	Region20	0	0	0	0.010995116277760009
13	Region21	0	0	0	0.021990232555520017
13	Region22	0	0	0	0.010995116277760009
13	Region23	0	0	0	0.021990232555520017
13	Region24	0	0	0	0.021990232555520017
13	Region25	0	0	0	0.010995116277760009
14	Region01	0	0	1	0.03518437208883203
14	Region02	0	0	0	0.017592186044416015
14	Region03	0	0	0	0.017592186044416015
14	Region04	0	0	0	0.008796093022208008
14	Region05	0	0	0	0.008796093022208008
14	Region06	0	0	0	0.008796093022208008
14	Region07	0	0	0	0.008796093022208008
14	Region08	0	0	0	0.008796093022208008
14	Region09	0	0	0	0.026388279066624023
14	Region10	0	0	0	0.008796093022208008
14	Region11	0	0	0	0.017592186044416015
14	Region12	0	0	0	0.008796093022208008
14	Region13	0	0	0	0.008796093022208008
14	Region14	0	0	0	0.008796093022208008
14	Region15	0	0	0	0.017592186044416015
14	Region16	0	0	0	0.008796093022208008
14	Region17	0	0	0	0.008796093022208008
14	Region18	0	0	0	0.008796093022208008
14	Region19	0	0	0	0.026388279066624023
14	Region20	0	0	0	0.008796093022208008
14	Region21	0	0	0	0.017592186044416015
14	Region22	0	0	0	0.008796093022208008
14	Region23	0	0	0	0.017592186044416015
14	Region24	0	0	0	0.017592186044416015
14	Region25	0	0	0	0.008796093022208008
15	Region01	0	0	1	0.028147497671065627
15	Region02	0	0	0	0.014073748835532814
15	Region03	0	0	0	0.014073748835532814
15	Region04	0	0	0	0.007036874417766407
15	Region05	0	0	0	0.007036874417766407
15	Region06	0	0	0	0.007036874417766407
15	Region07	0	0	0	0.007036874417766407
15	Region08	0	0	0	0.007036874417766407
15	Region09	0	0	0	0.02111062325329922
15	Region10	0	0	0	0.007036874417766407
15	Region11	0	0	0	0.014073748835532814
15	Region12	0	0	0	0.007036874417766407
15	Region13	0	0	0	0.007036874417766407
15	Region14	0	0	0	0.007036874417766407
15	Region15	0	0	0	0.014073748835532814
15	Region16	0	0	0	0.007036874417766407
15	Region17	0	0	0	0.007036874417766407
15	Region18	0	0	0	0.007036874417766407
15	Region19	0	0	0	0.02111062325329922
15	Region20	0	0	0	0.007036874417766407
15	Region21	0	0	0	0.014073748835532814
15	Region22	0	0	0	0.007036874417766407
15	Region23	0	0	0	0.014073748835532814
15	Region24	0	0	0	0.014073748835532814
15	Region25	0	0	0	0.007036874417766407
16	Region01	0	0	1	0.022517998136852502
16	Region02	0	0	0	0.011258999068426251
16	Region03	0	0	0	0.011258999068426251
16	Region04	0	0	0	0.005629499534213126
16	Region05	0	0	0	0.005629499534213126
16	Region06	0	0	0	0.005629499534213126
16	Region07	0	0	0	0.005629499534213126
16	Region08	0	0	0	0.005629499534213126
16	Region09	0	0	0	0.016888498602639378
16	Region10	0	0	0	0.005629499534213126
16	Region11	0	0	0	0.011258999068426251
16	Region12	0	0	0	0.005629499534213126
16	Region13	0	0	0	0.005629499534213126
16	Region14	0	0	0	0.005629499534213126
16	Region15	0	0	0	0.011258999068426251
16	Region16	0	0	0	0.005629499534213126
16	Region17	0	0	0	0.005629499534213126
16	Region18	0	0	0	0.005629499534213126
16	Region19	0	0	0	0.016888498602639378
16	Region20	0	0	0	0.005629499534213126
16	Region21	0	0	0	0.011258999068426251
16	Region22	0	0	0	0.005629499534213126
16	Region23	0	0	0	0.011258999068426251
16	Region24	0	0	0	0.011258999068426251
16	Region25	0	0	0	0.005629499534213126
17	Region01	0	0	1	0.018014398509482003
17	Region02	0	0	0	0.009007199254741001
17	Region03	0	0	0	0.009007199254741001
17	Region04	0	0	0	0.004503599627370501
17	Region05	0	0	0	0.004503599627370501
17	Region06	0	0	0	0.004503599627370501
17	Region07	0	0	0	0.004503599627370501
17	Region08	0	0	0	0.004503599627370501
17	Region09	0	0	0	0.013510798882111503
17	Region10	0	0	0	0.004503599627370501
17	Region11	0	0	0	0.009007199254741001
17	Region12	0	0	0	0.004503599627370501
17	Region13	0	0	0	0.004503599627370501
17	Region14	0	0	0	0.004503599627370501
17	Region15	0	0	0	0.009007199254741001
17	Region16	0	0	0	0.004503599627370501
17	Region17	0	0	0	0.004503599627370501
17	Region18	0	0	0	0.004503599627370501
17	Region19	0	0	0	0.013510798882111503
17	Region20	0	0	0	0.004503599627370501
17	Region21	0	0	0	0.009007199254741001
17	Region22	0	0	0	0.004503599627370501
17	Region23	0	0	0	0.009007199254741001
17	Region24	0	0	0	0.009007199254741001
17	Region25	0	0	0	0.004503599627370501
18	Region01	0	0	1	0.014411518807585602
18	Region02	0	0	0	0.007205759403792801
18	Region03	0	0	0	0.007205759403792801
18	Region04	0	0	0	0.0036028797018964006
18	Region05	0	0	0	0.0036028797018964006
18	Region06	0	0	0	0.0036028797018964006
18	Region07	0	0	0	0.0036028797018964006
18	Region08	0	0	0	0.0036028797018964006
18	Region09	0	0	0	0.010808639105689202
18	Region10	0	0	0	0.0036028797018964006
18	Region11	0	0	0	0.007205759403792801
18	Region12	0	0	0	0.0036028797018964006
18	Region13	0	0	0	0.0036028797018964006
18	Region14	0	0	0	0.0036028797018964006
18	Region15	0	0	0	0.007205759403792801
18	Region16	0	0	0	0.0036028797018964006
18	Region17	0	0	0	0.0036028797018964006
18	Region18	0	0	0	0.0036028797018964006
18	Region19	0	0	0	0.010808639105689202
18	Region20	0	0	0	0.0036028797018964006
18	Region21	0	0	0	0.007205759403792801
18	Region22	0	0	0	0.0036028797018964006
18	Region23	0	0	0	0.007205759403792801
18	Region24	0	0	0	0.007205759403792801
18	Region25	0	0	0	0.0036028797018964006
19	Region01	0	0	1	0.011529215046068483
19	Region02	0	0	0	0.0057646075230342415
19	Region03	0	0	0	0.0057646075230342415
19	Region04	0	0	0	0.0028823037615171208
19	Region05	0	0	0	0.0028823037615171208
19	Region06	0	0	0	0.0028823037615171208
19	Region07	0	0	0	0.0028823037615171208
19	Region08	0	0	0	0.0028823037615171208
19	Region09	0	0	0	0.008646911284551362
19	Region10	0	0	0	0.0028823037615171208
19	Region11	0	0	0	0.0057646075230342415
19	Region12	0	0	0	0.0028823037615171208
19	Region13	0	0	0	0.0028823037615171208
19	Region14	0	0	0	0.0028823037615171208
19	Region15	0	0	0	0.0057646075230342415
19	Region16	0	0	0	0.0028823037615171208
19	Region17	0	0	0	0.0028823037615171208
19	Region18	0	0	0	0.0028823037615171208
19	Region19	0	0	0	0.008646911284551362
19	Region20	0	0	0	0.0028823037615171208
19	Region21	0	0	0	0.0057646075230342415
19	Region22	0	0	0	0.0028823037615171208
19	Region23	0	0	0	0.0057646075230342415
19	Region24	0	0	0	0.0057646075230342415
19	Region25	0	0	0	0.0028823037615171208
20	Region01	0	0	1	0.009223372036854787
20	Region02	0	0	0	0.0046116860184273935
20	Region03	0	0	0	0.0046116860184273935
20	Region04	0	0	0	0.0023058430092136968
20	Region05	0	0	0	0.0023058430092136968
20	Region06	0	0	0	0.0023058430092136968
20	Region07	0	0	0	0.0023058430092136968
20	Region08	0	0	0	0.0023058430092136968
20	Region09	0	0	0	0.0069175290276410895
20	Region10	0	0	0	0.0023058430092136968
20	Region11	0	0	0	0.0046116860184273935
20	Region12	0	0	0	0.0023058430092136968
20	Region13	0	0	0	0.0023058430092136968
20	Region14	0	0	0	0.0023058430092136968
20	Region15	0	0	0	0.0046116860184273935
20	Region16	0	0	0	0.0023058430092136968
20	Region17	0	0	0	0.0023058430092136968
20	Region18	0	0	0	0.0023058430092136968
20	Region19	0	0	0	0.0069175290276410895
20	Region20	0	0	0	0.0023058430092136968
20	Region21	0	0	0	0.0046116860184273935
20	Region22	0	0	0	0.0023058430092136968
20	Region23	0	0	0	0.0046116860184273935
20	Region24	0	0	0	0.0046116860184273935
20	Region25	0	0	0	0.0023058430092136968
21	Region01	0	0	1	0.00737869762948383
21	Region02	0	0	0	0.003689348814741915
21	Region03	0	0	0	0.003689348814741915
21	Region04	0	0	0	0.0018446744073709574
21	Region05	0	0	0	0.0018446744073709574
21	Region06	0	0	0	0.0018446744073709574
21	Region07	0	0	0	0.0018446744073709574
21	Region08	0	0	0	0.0018446744073709574
21	Region09	0	0	0	0.005534023222112872
21	Region10	0	0	0	0.0018446744073709574
21	Region11	0	0	0	0.003689348814741915
21	Region12	0	0	0	0.0018446744073709574
21	Region13	0	0	0	0.0018446744073709574
21	Region14	0	0	0	0.0018446744073709574
21	Region15	0	0	0	0.003689348814741915
21	Region16	0	0	0	0.0018446744073709574
21	Region17	0	0	0	0.0018446744073709574
21	Region18	0	0	0	0.0018446744073709574
21	Region19	0	0	0	0.005534023222112872
21	Region20	0	0	0	0.0018446744073709574
21	Region21	0	0	0	0.003689348814741915
21	Region22	0	0	0	0.0018446744073709574
21	Region23	0	0	0	0.003689348814741915
21	Region24	0	0	0	0.003689348814741915
21	Region25	0	0	0	0.0018446744073709574
22	Region01	0	0	1	0.005902958103587064
22	Region02	0	0	0	0.002951479051793532
22	Region03	0	0	0	0.002951479051793532
22	Region04	0	0	0	0.001475739525896766
22	Region05	0	0	0	0.001475739525896766
22	Region06	0	0	0	0.001475739525896766
22	Region07	0	0	0	0.001475739525896766
22	Region08	0	0	0	0.001475739525896766
22	Region09	0	0	0	0.004427218577690298
22	Region10	0	0	0	0.001475739525896766
22	Region11	0	0	0	0.002951479051793532
22	Region12	0	0	0	0.001475739525896766
22	Region13	0	0	0	0.001475739525896766
22	Region14	0	0	0	0.001475739525896766
22	Region15	0	0	0	0.002951479051793532
22	Region16	0	0	0	0.001475739525896766
22	Region17	0	0	0	0.001475739525896766
22	Region18	0	0	0	0.001475739525896766
22	Region19	0	0	0	0.004427218577690298
22	Region20	0	0	0	0.001475739525896766
22	Region21	0	0	0	0.002951479051793532
22	Region22	0	0	0	0.001475739525896766
22	Region23	0	0	0	0.002951479051793532
22	Region24	0	0	0	0.002951479051793532
22	Region25	0	0	0	0.001475739525896766
23	Region01	0	0	1	0.004722366482869652
23	Region02	0	0	0	0.002361183241434826
23	Region03	0	0	0	0.002361183241434826
23	Region04	0	0	0	0.001180591620717413
23	Region05	0	0	0	0.001180591620717413
23	Region06	0	0	0	0.001180591620717413
23	Region07	0	0	0	0.001180591620717413
23	Region08	0	0	0	0.001180591620717413
23	Region09	0	0	0	0.003541774862152238
23	Region10	0	0	0	0.001180591620717413
23	Region11	0	0	0	0.002361183241434826
23	Region12	0	0	0	0.001180591620717413
23	Region13	0	0	0	0.001180591620717413
23	Region14	0	0	0	0.001180591620717413
23	Region15	0	0	0	0.002361183241434826
23	Region16	0	0	0	0.001180591620717413
23	Region17	0	0	0	0.001180591620717413
23	Region18	0	0	0	0.001180591620717413
23	Region19	0	0	0	0.003541774862152238
23	Region20	0	0	0	0.001180591620717413
23	Region21	0	0	0	0.002361183241434826
23	Region22	0	0	0	0.001180591620717413
23	Region23	0	0	0	0.002361183241434826
23	Region24	0	0	0	0.002361183241434826
23	Region25	0	0	0	0.001180591620717413
24	Region01	0	0	1	0.0037778931862957215
24	Region02	0	0	0	0.0018889465931478608
24	Region03	0	0	0	0.0018889465931478608
24	Region04	0	0	0	0.0009444732965739304
24	Region05	0	0	0	0.0009444732965739304
24	Region06	0	0	0	0.0009444732965739304
24	Region07	0	0	0	0.0009444732965739304
24	Region08	0	0	0	0.0009444732965739304
24	Region09	0	0	0	0.002833419889721791
24	Region10	0	0	0	0.0009444732965739304
24	Region11	0	0	0	0.0018889465931478608
24	Region12	0	0	0	0.0009444732965739304
24	Region13	0	0	0	0.0009444732965739304
24	Region14	0	0	0	0.0009444732965739304
24	Region15	0	0	0	0.0018889465931478608
24	Region16	0	0	0	0.0009444732965739304
24	Region17	0	0	0	0.0009444732965739304
24	Region18	0	0	0	0.0009444732965739304
24	Region19	0	0	0	0.002833419889721791
24	Region20	0	0	0	0.0009444732965739304
24	Region21	0	0	0	0.0018889465931478608
24	Region22	0	0	0	0.0009444732965739304
24	Region23	0	0	0	0.0018889465931478608
24	Region24	0	0	0	0.0018889465931478608
24	Region25	0	0	0	0.0009444732965739304
25	Region01	0	0	1	0.0030223145490365774
25	Region02	0	0	0	0.0015111572745182887
25	Region03	0	0	0	0.0015111572745182887
25	Region04	0	0	0	0.0007555786372591443
25	Region05	0	0	0	0.0007555786372591443
25	Region06	0	0	0	0.0007555786372591443
25	Region07	0	0	0	0.0007555786372591443
25	Region08	0	0	0	0.0007555786372591443
25	Region09	0	0	0	0.002266735911777433
25	Region10	0	0	0	0.0007555786372591443
25	Region11	0	0	0	0.0015111572745182887
25	Region12	0	0	0	0.0007555786372591443
25	Region13	0	0	0	0.0007555786372591443
25	Region14	0	0	0	0.0007555786372591443
25	Region15	0	0	0	0.0015111572745182887
25	Region16	0	0	0	0.0007555786372591443
25	Region17	0	0	0	0.0007555786372591443
25	Region18	0	0	0	0.0007555786372591443
25	Region19	0	0	0	0.002266735911777433
25	Region20	0	0	0	0.0007555786372591443
25	Region21	0	0	0	0.0015111572745182887
25	Region22	0	0	0	0.0007555786372591443
25	Region23	0	0	0	0.0015111572745182887
25	Region24	0	0	0	0.0015111572745182887
25	Region25	0	0	0	0.0007555786372591443
26	Region01	0	0	1	0.002417851639229262
26	Region02	0	0	0	0.001208925819614631
26	Region03	0	0	0	0.001208925819614631
26	Region04	0	0	0	0.0006044629098073155
26	Region05	0	0	0	0.0006044629098073155
26	Region06	0	0	0	0.0006044629098073155
26	Region07	0	0	0	0.0006044629098073155
26	Region08	0	0	0	0.0006044629098073155
26	Region09	0	0	0	0.0018133887294219464
26	Region10	0	0	0	0.0006044629098073155
26	Region11	0	0	0	0.001208925819614631
26	Region12	0	0	0	0.0006044629098073155
26	Region13	0	0	0	0.0006044629098073155
26	Region14	0	0	0	0.0006044629098073155
26	Region15	0	0	0	0.001208925819614631
26	Region16	0	0	0	0.0006044629098073155
26	Region17	0	0	0	0.0006044629098073155
26	Region18	0	0	0	0.0006044629098073155
26	Region19	0	0	0	0.0018133887294219464
26	Region20	0	0	0	0.0006044629098073155
26	Region21	0	0	0	0.001208925819614631
26	Region22	0	0	0	0.0006044629098073155
26	Region23	0	0	0	0.001208925819614631
26	Region24	0	0	0	0.001208925819614631
26	Region25	0	0	0	0.0006044629098073155
27	Region01	0	0	1	0.0019342813113834097
27	Region02	0	0	0	0.0009671406556917048
27	Region03	0	0	0	0.0009671406556917048
27	Region04	0	0	0	0.0004835703278458524
27	Region05	0	0	0	0.0004835703278458524
27	Region06	0	0	0	0.0004835703278458524
27	Region07	0	0	0	0.0004835703278458524
27	Region08	0	0	0	0.0004835703278458524
27	Region09	0	0	0	0.0014507109835375572
27	Region10	0	0	0	0.0004835703278458524
27	Region11	0	0	0	0.0009671406556917048
27	Region12	0	0	0	0.0004835703278458524
27	Region13	0	0	0	0.0004835703278458524
27	Region14	0	0	0	0.0004835703278458524
27	Region15	0	0	0	0.0009671406556917048
27	Region16	0	0	0	0.0004835703278458524
27	Region17	0	0	0	0.0004835703278458524
27	Region18	0	0	0	0.0004835703278458524
27	Region19	0	0	0	0.0014507109835375572
27	Region20	0	0	0	0.0004835703278458524
27	Region21	0	0	0	0.0009671406556917048
27	Region22	0	0	0	0.0004835703278458524
27	Region23	0	0	0	0.0009671406556917048
27	Region24	0	0	0	0.0009671406556917048
27	Region25	0	0	0	0.0004835703278458524
28	Region01	0	0	1	0.0015474250491067279
28	Region02	0	0	0	0.0007737125245533639
28	Region03	0	0	0	0.0007737125245533639
28	Region04	0	0	0	0.00038685626227668196
28	Region05	0	0	0	0.00038685626227668196
28	Region06	0	0	0	0.00038685626227668196
28	Region07	0	0	0	0.00038685626227668196
28	Region08	0	0	0	0.00038685626227668196
28	Region09	0	0	0	0.0011605687868300458
28	Region10	0	0	0	0.00038685626227668196
28	Region11	0	0	0	0.0007737125245533639
28	Region12	0	0	0	0.00038685626227668196
28	Region13	0	0	0	0.00038685626227668196
28	Region14	0	0	0	0.00038685626227668196
28	Region15	0	0	0	0.0007737125245533639
28	Region16	0	0	0	0.00038685626227668196
28	Region17	0	0	0	0.00038685626227668196
28	Region18	0	0	0	0.00038685626227668196
28	Region19	0	0	0	0.0011605687868300458
28	Region20	0	0	0	0.00038685626227668196
28	Region21	0	0	0	0.0007737125245533639
28	Region22	0	0	0	0.00038685626227668196
28	Region23	0	0	0	0.0007737125245533639
28	Region24	0	0	0	0.0007737125245533639
28	Region25	0	0	0	0.00038685626227668196
29	Region01	0	0	1	0.0012379400392853823
29	Region02	0	0	0	0.0006189700196426912
29	Region03	0	0	0	0.0006189700196426912
29	Region04	0	0	0	0.0003094850098213456
29	Region05	0	0	0	0.0003094850098213456
29	Region06	0	0	0	0.0003094850098213456
29	Region07	0	0	0	0.0003094850098213456
29	Region08	0	0	0	0.0003094850098213456
29	Region09	0	0	0	0.0009284550294640367
29	Region10	0	0	0	0.0003094850098213456
29	Region11	0	0	0	0.0006189700196426912
29	Region12	0	0	0	0.0003094850098213456
29	Region13	0	0	0	0.0003094850098213456
29	Region14	0	0	0	0.0003094850098213456
29	Region15	0	0	0	0.0006189700196426912
29	Region16	0	0	0	0.0003094850098213456
29	Region17	0	0	0	0.0003094850098213456
29	Region18	0	0	0	0.0003094850098213456
29	Region19	0	0	0	0.0009284550294640367
29	Region20	0	0	0	0.0003094850098213456
29	Region21	0	0	0	0.0006189700196426912
29	Region22	0	0	0	0.0003094850098213456
29	Region23	0	0	0	0.0006189700196426912
29	Region24	0	0	0	0.0006189700196426912
29	Region25	0	0	0	0.0003094850098213456
30	Region01	0	0	1	0.0009903520314283058
30	Region02	0	0	0	0.0004951760157141529
30	Region03	0	0	0	0.0004951760157141529
30	Region04	0	0	0	0.00024758800785707646
30	Region05	0	0	0	0.00024758800785707646
30	Region06	0	0	0	0.00024758800785707646
30	Region07	0	0	0	0.00024758800785707646
30	Region08	0	0	0	0.00024758800785707646
30	Region09	0	0	0	0.0007427640235712294
30	Region10	0	0	0	0.00024758800785707646
30	Region11	0	0	0	0.0004951760157141529
30	Region12	0	0	0	0.00024758800785707646
30	Region13	0	0	0	0.00024758800785707646
30	Region14	0	0	0	0.00024758800785707646
30	Region15	0	0	0	0.0004951760157141529
30	Region16	0	0	0	0.00024758800785707646
30	Region17	0	0	0	0.00024758800785707646
30	Region18	0	0	0	0.00024758800785707646
30	Region19	0	0	0	0.0007427640235712294
30	Region20	0	0	0	0.00024758800785707646
30	Region21	0	0	0	0.0004951760157141529
30	Region22	0	0	0	0.00024758800785707646
30	Region23	0	0	0	0.0004951760157141529
30	Region24	0	0	0	0.0004951760157141529
30	Region25	0	0	0	0.00024758800785707646
31	Region01	0	0	1	0.0007922816251426447
31	Region02	0	0	0	0.00039614081257132236
31	Region03	0	0	0	0.00039614081257132236
31	Region04	0	0	0	0.00019807040628566118
31	Region05	0	0	0	0.00019807040628566118
31	Region06	0	0	0	0.00019807040628566118
31	Region07	0	0	0	0.00019807040628566118
31	Region08	0	0	0	0.00019807040628566118
31	Region09	0	0	0	0.0005942112188569836
31	Region10	0	0	0	0.00019807040628566118
31	Region11	0	0	0	0.00039614081257132236
31	Region12	0	0	0	0.00019807040628566118
31	Region13	0	0	0	0.00019807040628566118
31	Region14	0	0	0	0.00019807040628566118
31	Region15	0	0	0	0.00039614081257132236
31	Region16	0	0	0	0.00019807040628566118
31	Region17	0	0	0	0.00019807040628566118
31	Region18	0	0	0	0.00019807040628566118
31	Region19	0	0	0	0.0005942112188569836
31	Region20	0	0	0	0.00019807040628566118
31	Region21	0	0	0	0.00039614081257132236
31	Region22	0	0	0	0.00019807040628566118
31	Region23	0	0	0	0.00039614081257132236
31	Region24	0	0	0	0.00039614081257132236
31	Region25	0	0	0	0.00019807040628566118
32	Region01	0	0	1	0.4004753689750856
32	Region02	0	0	0	0.266957169929219
32	Region03	0	0	0	0.20031691265005708
32	Region04	0	0	0	0.16016637914127996
32	Region05	0	0	0	0.13350499435211424
32	Region06	0	0	0	0.2668119182979428
32	Region07	0	0	0	0.20015845632502854
32	Region08	0	0	0	0.16016637914127996
32	Region09	0	0	0	0.13384831638967606
32	Region10	0	0	0	0.11446114807413874
32	Region11	0	0	0	0.20031691265005708
32	Region12	0	0	0	0.16016637914127996
32	Region13	0	0	0	0.13350499435211424
32	Region14	0	0	0	0.11446114807413874
32	Region15	0	0	0	0.10035652673131419
32	Region16	0	0	0	0.16016637914127996
32	Region17	0	0	0	0.13350499435211424
32	Region18	0	0	0	0.11446114807413874
32	Region19	0	0	0	0.10053479009697129
32	Region20	0	0	0	0.08906935303683805
32	Region21	0	0	0	0.13367665537089515
32	Region22	0	0	0	0.11446114807413874
32	Region23	0	0	0	0.10035652673131419
32	Region24	0	0	0	0.08924981718478721
32	Region25	0	0	0	0.08018222477378281
33	Region01	0	0	1	0.4004753689750856
33	Region02	0	0	0	0.266957169929219
33	Region03	0	0	0	0.20031691265005708
33	Region04	0	0	0	0.16016637914127996
33	Region05	0	0	0	0.13350499435211424
33	Region06	0	0	0	0.2668119182979428
33	Region07	0	0	0	0.20015845632502854
33	Region08	0	0	0	0.16016637914127996
33	Region09	0	0	0	0.13384831638967606
33	Region10	0	0	0	0.11446114807413874
33	Region11	0	0	0	0.20031691265005708
33	Region12	0	0	0	0.16016637914127996
33	Region13	0	0	0	0.13350499435211424
33	Region14	0	0	0	0.11446114807413874
33	Region15	0	0	0	0.10035652673131419
33	Region16	0	0	0	0.16016637914127996
33	Region17	0	0	0	0.13350499435211424
33	Region18	0	0	0	0.11446114807413874
33	Region19	0	0	0	0.10053479009697129
33	Region20	0	0	0	0.08906935303683805
33	Region21	0	0	0	0.13367665537089515
33	Region22	0	0	0	0.11446114807413874
33	Region23	0	0	0	0.10035652673131419
33	Region24	0	0	0	0.08924981718478721
33	Region25	0	0	0	0.08018222477378281
34	Region01	0	0	1	0.3203802951800685
34	Region02	0	0	0	0.2135657359433752
34	Region03	0	0	0	0.16025353012004567
34	Region04	0	0	0	0.12813310331302397
34	Region05	0	0	0	0.1068039954816914
34	Region06	0	0	0	0.21344953463835425
34	Region07	0	0	0	0.16012676506002285
34	Region08	0	0	0	0.12813310331302397
34	Region09	0	0	0	0.10707865311174086
34	Region10	0	0	0	0.09156891845931099
34	Region11	0	0	0	0.16025353012004567
34	Region12	0	0	0	0.12813310331302397
34	Region13	0	0	0	0.1068039954816914
34	Region14	0	0	0	0.09156891845931099
34	Region15	0	0	0	0.08028522138505136
34	Region16	0	0	0	0.12813310331302397
34	Region17	0	0	0	0.1068039954816914
34	Region18	0	0	0	0.09156891845931099
34	Region19	0	0	0	0.08042783207757703
34	Region20	0	0	0	0.07125548242947044
34	Region21	0	0	0	0.10694132429671613
34	Region22	0	0	0	0.09156891845931099
34	Region23	0	0	0	0.08028522138505136
34	Region24	0	0	0	0.07139985374782977
34	Region25	0	0	0	0.06414577981902625
35	Region01	0	0	1	0.2563042361440548
35	Region02	0	0	0	0.17085258875470016
35	Region03	0	0	0	0.12820282409603653
35	Region04	0	0	0	0.10250648265041917
35	Region05	0	0	0	0.08544319638535312
35	Region06	0	0	0	0.17075962771068343
35	Region07	0	0	0	0.12810141204801828
35	Region08	0	0	0	0.10250648265041917
35	Region09	0	0	0	0.0856629224893927
35	Region10	0	0	0	0.0732551347674488
35	Region11	0	0	0	0.12820282409603653
35	Region12	0	0	0	0.10250648265041917
35	Region13	0	0	0	0.08544319638535312
35	Region14	0	0	0	0.0732551347674488
35	Region15	0	0	0	0.06422817710804109
35	Region16	0	0	0	0.10250648265041917
35	Region17	0	0	0	0.08544319638535312
35	Region18	0	0	0	0.0732551347674488
35	Region19	0	0	0	0.06434226566206162
35	Region20	0	0	0	0.057004385943576354
35	Region21	0	0	0	0.0855530594373729
35	Region22	0	0	0	0.0732551347674488
35	Region23	0	0	0	0.06422817710804109
35	Region24	0	0	0	0.057119882998263816
35	Region25	0	0	0	0.051316623855221004
36	Region01	0	0	1	0.20504338891524385
36	Region02	0	0	0	0.13668207100376015
36	Region03	0	0	0	0.10256225927682923
36	Region04	0	0	0	0.08200518612033535
36	Region05	0	0	0	0.0683545571082825
36	Region06	0	0	0	0.13660770216854676
36	Region07	0	0	0	0.10248112963841463
36	Region08	0	0	0	0.08200518612033535
36	Region09	0	0	0	0.06853033799151416
36	Region10	0	0	0	0.05860410781395904
36	Region11	0	0	0	0.10256225927682923
36	Region12	0	0	0	0.08200518612033535
36	Region13	0	0	0	0.0683545571082825
36	Region14	0	0	0	0.05860410781395904
36	Region15	0	0	0	0.05138254168643287
36	Region16	0	0	0	0.08200518612033535
36	Region17	0	0	0	0.0683545571082825
36	Region18	0	0	0	0.05860410781395904
36	Region19	0	0	0	0.051473812529649304
36	Region20	0	0	0	0.045603508754861084
36	Region21	0	0	0	0.06844244754989832
36	Region22	0	0	0	0.05860410781395904
36	Region23	0	0	0	0.05138254168643287
36	Region24	0	0	0	0.045695906398611055
36	Region25	0	0	0	0.041053299084176806
37	Region01	0	0	1	0.1640347111321951
37	Region02	0	0	0	0.10934565680300812
37	Region03	0	0	0	0.0820498074214634
37	Region04	0	0	0	0.06560414889626828
37	Region05	0	0	0	0.05468364568662601
37	Region06	0	0	0	0.1092861617348374
37	Region07	0	0	0	0.08198490371073171
37	Region08	0	0	0	0.06560414889626828
37	Region09	0	0	0	0.05482427039321133
37	Region10	0	0	0	0.046883286251167236
37	Region11	0	0	0	0.0820498074214634
37	Region12	0	0	0	0.06560414889626828
37	Region13	0	0	0	0.05468364568662601
37	Region14	0	0	0	0.046883286251167236
37	Region15	0	0	0	0.0411060333491463
37	Region16	0	0	0	0.06560414889626828
37	Region17	0	0	0	0.05468364568662601
37	Region18	0	0	0	0.046883286251167236
37	Region19	0	0	0	0.041179050023719445
37	Region20	0	0	0	0.03648280700388887
37	Region21	0	0	0	0.054753958039918664
37	Region22	0	0	0	0.046883286251167236
37	Region23	0	0	0	0.0411060333491463
37	Region24	0	0	0	0.03655672511888885
37	Region25	0	0	0	0.03284263926734145
38	Region01	0	0	1	0.13122776890575608
38	Region02	0	0	0	0.0874765254424065
38	Region03	0	0	0	0.06563984593717072
38	Region04	0	0	0	0.05248331911701463
38	Region05	0	0	0	0.04374691654930081
38	Region06	0	0	0	0.08742892938786993
38	Region07	0	0	0	0.06558792296858537
38	Region08	0	0	0	0.05248331911701463
38	Region09	0	0	0	0.04385941631456907
38	Region10	0	0	0	0.037506629000933794
38	Region11	0	0	0	0.06563984593717072
38	Region12	0	0	0	0.05248331911701463
38	Region13	0	0	0	0.04374691654930081
38	Region14	0	0	0	0.037506629000933794
38	Region15	0	0	0	0.032884826679317046
38	Region16	0	0	0	0.05248331911701463
38	Region17	0	0	0	0.04374691654930081
38	Region18	0	0	0	0.037506629000933794
38	Region19	0	0	0	0.032943240018975556
38	Region20	0	0	0	0.029186245603111095
38	Region21	0	0	0	0.04380316643193494
38	Region22	0	0	0	0.037506629000933794
38	Region23	0	0	0	0.032884826679317046
38	Region24	0	0	0	0.02924538009511108
38	Region25	0	0	0	0.02627411141387316
39	Region01	0	0	1	0.10498221512460487
39	Region02	0	0	0	0.0699812203539252
39	Region03	0	0	0	0.05251187674973658
39	Region04	0	0	0	0.0419866552936117
39	Region05	0	0	0	0.03499753323944065
39	Region06	0	0	0	0.06994314351029594
39	Region07	0	0	0	0.0524703383748683
39	Region08	0	0	0	0.0419866552936117
39	Region09	0	0	0	0.03508753305165526
39	Region10	0	0	0	0.030005303200747038
39	Region11	0	0	0	0.05251187674973658
39	Region12	0	0	0	0.0419866552936117
39	Region13	0	0	0	0.03499753323944065
39	Region14	0	0	0	0.030005303200747038
39	Region15	0	0	0	0.02630786134345364
39	Region16	0	0	0	0.0419866552936117
39	Region17	0	0	0	0.03499753323944065
39	Region18	0	0	0	0.030005303200747038
39	Region19	0	0	0	0.026354592015180447
39	Region20	0	0	0	0.02334899648248888
39	Region21	0	0	0	0.03504253314554795
39	Region22	0	0	0	0.030005303200747038
39	Region23	0	0	0	0.02630786134345364
39	Region24	0	0	0	0.023396304076088864
39	Region25	0	0	0	0.02101928913109853
40	Region01	0	0	1	0.0839857720996839
40	Region02	0	0	0	0.05598497628314017
40	Region03	0	0	0	0.04200950139978926
40	Region04	0	0	0	0.03358932423488936
40	Region05	0	0	0	0.027998026591552524
40	Region06	0	0	0	0.05595451480823676
40	Region07	0	0	0	0.041976270699894645
40	Region08	0	0	0	0.03358932423488936
40	Region09	0	0	0	0.02807002644132421
40	Region10	0	0	0	0.024004242560597633
40	Region11	0	0	0	0.04200950139978926
40	Region12	0	0	0	0.03358932423488936
40	Region13	0	0	0	0.027998026591552524
40	Region14	0	0	0	0.024004242560597633
40	Region15	0	0	0	0.021046289074762914
40	Region16	0	0	0	0.03358932423488936
40	Region17	0	0	0	0.027998026591552524
40	Region18	0	0	0	0.024004242560597633
40	Region19	0	0	0	0.02108367361214436
40	Region20	0	0	0	0.018679197185991103
40	Region21	0	0	0	0.02803402651643836
40	Region22	0	0	0	0.024004242560597633
40	Region23	0	0	0	0.021046289074762914
40	Region24	0	0	0	0.01871704326087109
40	Region25	0	0	0	0.016815431304878826
41	Region01	0	0	1	0.06718861767974713
41	Region02	0	0	0	0.04478798102651214
41	Region03	0	0	0	0.03360760111983141
41	Region04	0	0	0	0.02687145938791149
41	Region05	0	0	0	0.02239842127324202
41	Region06	0	0	0	0.04476361184658941
41	Region07	0	0	0	0.033581016559915716
41	Region08	0	0	0	0.02687145938791149
41	Region09	0	0	0	0.02245602115305937
41	Region10	0	0	0	0.01920339404847811
41	Region11	0	0	0	0.03360760111983141
41	Region12	0	0	0	0.02687145938791149
41	Region13	0	0	0	0.02239842127324202
41	Region14	0	0	0	0.01920339404847811
41	Region15	0	0	0	0.016837031259810332
41	Region16	0	0	0	0.02687145938791149
41	Region17	0	0	0	0.02239842127324202
41	Region18	0	0	0	0.01920339404847811
41	Region19	0	0	0	0.01686693888971549
41	Region20	0	0	0	0.014943357748792883
41	Region21	0	0	0	0.02242722121315069
41	Region22	0	0	0	0.01920339404847811
41	Region23	0	0	0	0.016837031259810332
41	Region24	0	0	0	0.014973634608696874
41	Region25	0	0	0	0.013452345043903061
42	Region01	0	0	1	0.0537508941437977
42	Region02	0	0	0	0.03583038482120971
42	Region03	0	0	0	0.02688608089586513
42	Region04	0	0	0	0.021497167510329193
42	Region05	0	0	0	0.017918737018593617
42	Region06	0	0	0	0.03581088947727153
42	Region07	0	0	0	0.026864813247932575
42	Region08	0	0	0	0.021497167510329193
42	Region09	0	0	0	0.0179648169224475
42	Region10	0	0	0	0.015362715238782488
42	Region11	0	0	0	0.02688608089586513
42	Region12	0	0	0	0.021497167510329193
42	Region13	0	0	0	0.017918737018593617
42	Region14	0	0	0	0.015362715238782488
42	Region15	0	0	0	0.013469625007848266
42	Region16	0	0	0	0.021497167510329193
42	Region17	0	0	0	0.017918737018593617
42	Region18	0	0	0	0.015362715238782488
42	Region19	0	0	0	0.013493551111772393
42	Region20	0	0	0	0.011954686199034307
42	Region21	0	0	0	0.017941776970520552
42	Region22	0	0	0	0.015362715238782488
42	Region23	0	0	0	0.013469625007848266
42	Region24	0	0	0	0.0119789076869575
42	Region25	0	0	0	0.01076187603512245
43	Region01	0	0	1	0.1294508226122939
43	Region02	0	0	0	0.13224734633908874
43	Region03	0	0	0	0.10473519442419592
43	Region04	0	0	0	0.08673068967630725
43	Region05	0	0	0	0.07403766633181684
43	Region06	0	0	0	0.1322298005295444
43	Region07	0	0	0	0.15661617148154156
43	Region08	0	0	0	0.11934745075929629
43	Region09	0	0	0	0.0965276315686517
43	Region10	0	0	0	0.08100520088953032
43	Region11	0	0	0	0.1566346034430831
43	Region12	0	0	0	0.21719773400826337
43	Region13	0	0	0	0.14886290541611447
43	Region14	0	0	0	0.11382644371490425
43	Region15	0	0	0	0.0923920550072204
43	Region16	0	0	0	0.11934745075929629
43	Region17	0	0	0	0.14886290541611447
43	Region18	0	0	0	0.11382644371490425
43	Region19	0	0	0	0.0924140670228306
43	Region20	0	0	0	0.07782437378576536
43	Region21	0	0	0	0.0965064348128789
43	Region22	0	0	0	0.11382644371490425
43	Region23	0	0	0	0.0923920550072204
43	Region24	0	0	0	0.077846980507827
43	Region25	0	0	0	0.06728976883311547
44	Region01	0	0	1	0.2165057403510645
44	Region02	0	0	0	0.24794770016054357
44	Region03	0	0	0	0.19426167498177632
44	Region04	0	0	0	0.15979223450220267
44	Region05	0	0	0	0.13576848857636237
44	Region06	0	0	0	0.2479324937922718
44	Region07	0	0	0	0.3252929371852332
44	Region08	0	0	0	0.23676779065805678
44	Region09	0	0	0	0.18687486841178652
44	Region10	0	0	0	0.1545247848183679
44	Region11	0	0	0	0.24097114309877482
44	Region12	0	0	0	0.32157136947382825
44	Region13	0	0	0	0.23397661487450302
44	Region14	0	0	0	0.1847203282177119
44	Region15	0	0	0	0.15289925134007237
44	Region16	0	0	0	0.1897996546985526
44	Region17	0	0	0	0.23397661487450302
44	Region18	0	0	0	0.1847203282177119
44	Region19	0	0	0	0.15291979588797522
44	Region20	0	0	0	0.13052012385515022
44	Region21	0	0	0	0.15673933915868699
44	Region22	0	0	0	0.1847203282177119
44	Region23	0	0	0	0.15289925134007237
44	Region24	0	0	0	0.13054143876452262
44	Region25	0	0	0	0.11392528039145969
45	Region01	0	0	1	0.3209716416375893
45	Region02	0	0	0	0.3983581601284349
45	Region03	0	0	0	0.3016934516508728
45	Region04	0	0	0	0.24381301105198241
45	Region05	0	0	0	0.20490700949025337
45	Region06	0	0	0	0.32313924441304465
45	Region07	0	0	0	0.4152538788938688
45	Region08	0	0	0	0.3130910115922511
45	Region09	0	0	0	0.25192487893884363
45	Region10	0	0	0	0.21088979916381007
45	Region11	0	0	0	0.30169345165087286
45	Region12	0	0	0	0.38941423252644547
45	Region13	0	0	0	0.29525848568454277
45	Region14	0	0	0	0.2390723063365311
45	Region15	0	0	0	0.20130500840635396
45	Region16	0	0	0	0.24381301105198244
45	Region17	0	0	0	0.29525848568454277
45	Region18	0	0	0	0.2390723063365311
45	Region19	0	0	0	0.20132437898009092
45	Region20	0	0	0	0.1739941176623927
45	Region21	0	0	0	0.20492566263533346
45	Region22	0	0	0	0.2390723063365311
45	Region23	0	0	0	0.20130500840635396
45	Region24	0	0	0	0.1740143668262965
45	Region25	0	0	0	0.15330637904072816
46	Region01	0	0	1	0.3209716416375893
46	Region02	0	0	0	0.3983581601284349
46	Region03	0	0	0	0.3016934516508728
46	Region04	0	0	0	0.24381301105198241
46	Region05	0	0	0	0.20490700949025337
46	Region06	0	0	0	0.32313924441304465
46	Region07	0	0	0	0.4152538788938688
46	Region08	0	0	0	0.3130910115922511
46	Region09	0	0	0	0.25192487893884363
46	Region10	0	0	0	0.21088979916381007
46	Region11	0	0	0	0.30169345165087286
46	Region12	0	0	0	0.38941423252644547
46	Region13	0	0	0	0.29525848568454277
46	Region14	0	0	0	0.2390723063365311
46	Region15	0	0	0	0.20130500840635396
46	Region16	0	0	0	0.24381301105198244
46	Region17	0	0	0	0.29525848568454277
46	Region18	0	0	0	0.2390723063365311
46	Region19	0	0	0	0.20132437898009092
46	Region20	0	0	0	0.1739941176623927
46	Region21	0	0	0	0.20492566263533346
46	Region22	0	0	0	0.2390723063365311
46	Region23	0	0	0	0.20130500840635396
46	Region24	0	0	0	0.1740143668262965
46	Region25	0	0	0	0.15330637904072816
47	Region01	0	0	1	0.2567773133100714
47	Region02	0	0	0	0.31868652810274795
47	Region03	0	0	0	0.24135476132069825
47	Region04	0	0	0	0.19505040884158595
47	Region05	0	0	0	0.1639256075922027
47	Region06	0	0	0	0.25851139553043573
47	Region07	0	0	0	0.33220310311509504
47	Region08	0	0	0	0.2504728092738009
47	Region09	0	0	0	0.20153990315107492
47	Region10	0	0	0	0.16871183933104805
47	Region11	0	0	0	0.2413547613206983
47	Region12	0	0	0	0.3115313860211564
47	Region13	0	0	0	0.23620678854763422
47	Region14	0	0	0	0.19125784506922489
47	Region15	0	0	0	0.16104400672508318
47	Region16	0	0	0	0.19505040884158598
47	Region17	0	0	0	0.23620678854763422
47	Region18	0	0	0	0.19125784506922489
47	Region19	0	0	0	0.16105950318407275
47	Region20	0	0	0	0.13919529412991416
47	Region21	0	0	0	0.16394053010826679
47	Region22	0	0	0	0.19125784506922489
47	Region23	0	0	0	0.16104400672508318
47	Region24	0	0	0	0.1392114934610372
47	Region25	0	0	0	0.12264510323258254
48	Region01	0	0	1	0.20542185064805715
48	Region02	0	0	0	0.25494922248219837
48	Region03	0	0	0	0.19308380905655861
48	Region04	0	0	0	0.15604032707326876
48	Region05	0	0	0	0.13114048607376216
48	Region06	0	0	0	0.2068091164243486
48	Region07	0	0	0	0.26576248249207607
48	Region08	0	0	0	0.20037824741904073
48	Region09	0	0	0	0.16123192252085994
48	Region10	0	0	0	0.13496947146483845
48	Region11	0	0	0	0.19308380905655864
48	Region12	0	0	0	0.2492251088169251
48	Region13	0	0	0	0.18896543083810738
48	Region14	0	0	0	0.15300627605537992
48	Region15	0	0	0	0.12883520538006654
48	Region16	0	0	0	0.1560403270732688
48	Region17	0	0	0	0.18896543083810738
48	Region18	0	0	0	0.15300627605537992
48	Region19	0	0	0	0.12884760254725822
48	Region20	0	0	0	0.11135623530393134
48	Region21	0	0	0	0.13115242408661343
48	Region22	0	0	0	0.15300627605537992
48	Region23	0	0	0	0.12883520538006654
48	Region24	0	0	0	0.11136919476882977
48	Region25	0	0	0	0.09811608258606604
49	Region01	0	0	1	0.16433748051844574
49	Region02	0	0	0	0.2039593779857587
49	Region03	0	0	0	0.1544670472452469
49	Region04	0	0	0	0.12483226165861501
49	Region05	0	0	0	0.10491238885900973
49	Region06	0	0	0	0.1654472931394789
49	Region07	0	0	0	0.21260998599366088
49	Region08	0	0	0	0.1603025979352326
49	Region09	0	0	0	0.12898553801668797
49	Region10	0	0	0	0.10797557717187077
49	Region11	0	0	0	0.15446704724524693
49	Region12	0	0	0	0.1993800870535401
49	Region13	0	0	0	0.1511723446704859
49	Region14	0	0	0	0.12240502084430394
49	Region15	0	0	0	0.10306816430405324
49	Region16	0	0	0	0.12483226165861504
49	Region17	0	0	0	0.1511723446704859
49	Region18	0	0	0	0.12240502084430394
49	Region19	0	0	0	0.10307808203780658
49	Region20	0	0	0	0.08908498824314508
49	Region21	0	0	0	0.10492193926929075
49	Region22	0	0	0	0.12240502084430394
49	Region23	0	0	0	0.10306816430405324
49	Region24	0	0	0	0.08909535581506382
49	Region25	0	0	0	0.07849286606885283
50	Region01	0	0	1	0.1314699844147566
50	Region02	0	0	0	0.16316750238860697
50	Region03	0	0	0	0.12357363779619752
50	Region04	0	0	0	0.09986580932689201
50	Region05	0	0	0	0.08392991108720779
50	Region06	0	0	0	0.13235783451158312
50	Region07	0	0	0	0.1700879887949287
50	Region08	0	0	0	0.1282420783481861
50	Region09	0	0	0	0.10318843041335038
50	Region10	0	0	0	0.08638046173749662
50	Region11	0	0	0	0.12357363779619755
50	Region12	0	0	0	0.1595040696428321
50	Region13	0	0	0	0.12093787573638873
50	Region14	0	0	0	0.09792401667544315
50	Region15	0	0	0	0.0824545314432426
50	Region16	0	0	0	0.09986580932689204
50	Region17	0	0	0	0.12093787573638873
50	Region18	0	0	0	0.09792401667544315
50	Region19	0	0	0	0.08246246563024527
50	Region20	0	0	0	0.07126799059451606
50	Region21	0	0	0	0.0839375514154326
50	Region22	0	0	0	0.09792401667544315
50	Region23	0	0	0	0.0824545314432426
50	Region24	0	0	0	0.07127628465205106
50	Region25	0	0	0	0.06279429285508227
51	Region01	0	0	1	0.10517598753180529
51	Region02	0	0	0	0.13053400191088557
51	Region03	0	0	0	0.09885891023695803
51	Region04	0	0	0	0.07989264746151362
51	Region05	0	0	0	0.06714392886976624
51	Region06	0	0	0	0.1058862676092665
51	Region07	0	0	0	0.13607039103594296
51	Region08	0	0	0	0.10259366267854889
51	Region09	0	0	0	0.08255074433068031
51	Region10	0	0	0	0.0691043693899973
51	Region11	0	0	0	0.09885891023695804
51	Region12	0	0	0	0.12760325571426567
51	Region13	0	0	0	0.096750300589111
51	Region14	0	0	0	0.07833921334035453
51	Region15	0	0	0	0.06596362515459409
51	Region16	0	0	0	0.07989264746151364
51	Region17	0	0	0	0.096750300589111
51	Region18	0	0	0	0.07833921334035453
51	Region19	0	0	0	0.06596997250419621
51	Region20	0	0	0	0.05701439247561285
51	Region21	0	0	0	0.06715004113234609
51	Region22	0	0	0	0.07833921334035453
51	Region23	0	0	0	0.06596362515459409
51	Region24	0	0	0	0.05702102772164085
51	Region25	0	0	0	0.05023543428406582
52	Region01	0	0	1	0.08414079002544424
52	Region02	0	0	0	0.10442720152870846
52	Region03	0	0	0	0.07908712818956642
52	Region04	0	0	0	0.0639141179692109
52	Region05	0	0	0	0.05371514309581299
52	Region06	0	0	0	0.08470901408741321
52	Region07	0	0	0	0.10885631282875437
52	Region08	0	0	0	0.08207493014283912
52	Region09	0	0	0	0.06604059546454426
52	Region10	0	0	0	0.05528349551199784
52	Region11	0	0	0	0.07908712818956644
52	Region12	0	0	0	0.10208260457141255
52	Region13	0	0	0	0.0774002404712888
52	Region14	0	0	0	0.06267137067228362
52	Region15	0	0	0	0.052770900123675274
52	Region16	0	0	0	0.06391411796921091
52	Region17	0	0	0	0.0774002404712888
52	Region18	0	0	0	0.06267137067228362
52	Region19	0	0	0	0.052775978003356976
52	Region20	0	0	0	0.045611513980490286
52	Region21	0	0	0	0.053720032905876874
52	Region22	0	0	0	0.06267137067228362
52	Region23	0	0	0	0.052770900123675274
52	Region24	0	0	0	0.04561682217731269
52	Region25	0	0	0	0.04018834742725266
53	Region01	0	0	1	0.0673126320203554
53	Region02	0	0	0	0.08354176122296678
53	Region03	0	0	0	0.06326970255165314
53	Region04	0	0	0	0.05113129437536872
53	Region05	0	0	0	0.04297211447665039
53	Region06	0	0	0	0.06776721126993057
53	Region07	0	0	0	0.0870850502630035
53	Region08	0	0	0	0.0656599441142713
53	Region09	0	0	0	0.052832476371635406
53	Region10	0	0	0	0.04422679640959828
53	Region11	0	0	0	0.06326970255165315
53	Region12	0	0	0	0.08166608365713005
53	Region13	0	0	0	0.06192019237703104
53	Region14	0	0	0	0.0501370965378269
53	Region15	0	0	0	0.04221672009894022
53	Region16	0	0	0	0.05113129437536873
53	Region17	0	0	0	0.06192019237703104
53	Region18	0	0	0	0.0501370965378269
53	Region19	0	0	0	0.042220782402685585
53	Region20	0	0	0	0.03648921118439223
53	Region21	0	0	0	0.0429760263247015
53	Region22	0	0	0	0.0501370965378269
53	Region23	0	0	0	0.04221672009894022
53	Region24	0	0	0	0.03649345774185015
53	Region25	0	0	0	0.03215067794180213
54	Region01	0	0	1	0.05385010561628432
54	Region02	0	0	0	0.06683340897837342
54	Region03	0	0	0	0.05061576204132251
54	Region04	0	0	0	0.04090503550029498
54	Region05	0	0	0	0.03437769158132031
54	Region06	0	0	0	0.05421376901594446
54	Region07	0	0	0	0.0696680402104028
54	Region08	0	0	0	0.052527955291417044
54	Region09	0	0	0	0.04226598109730833
54	Region10	0	0	0	0.035381437127678626
54	Region11	0	0	0	0.05061576204132252
54	Region12	0	0	0	0.06533286692570404
54	Region13	0	0	0	0.04953615390162483
54	Region14	0	0	0	0.04010967723026152
54	Region15	0	0	0	0.03377337607915218
54	Region16	0	0	0	0.040905035500294985
54	Region17	0	0	0	0.04953615390162483
54	Region18	0	0	0	0.04010967723026152
54	Region19	0	0	0	0.033776625922148466
54	Region20	0	0	0	0.029191368947513785
54	Region21	0	0	0	0.0343808210597612
54	Region22	0	0	0	0.04010967723026152
54	Region23	0	0	0	0.03377337607915218
54	Region24	0	0	0	0.02919476619348012
54	Region25	0	0	0	0.025720542353441705
55	Region01	0	0	1	0.04308008449302746
55	Region02	0	0	0	0.05346672718269874
55	Region03	0	0	0	0.04049260963305801
55	Region04	0	0	0	0.032724028400235985
55	Region05	0	0	0	0.027502153265056253
55	Region06	0	0	0	0.043371015212755576
55	Region07	0	0	0	0.055734432168322245
55	Region08	0	0	0	0.04202236423313364
55	Region09	0	0	0	0.03381278487784666
55	Region10	0	0	0	0.0283051497021429
55	Region11	0	0	0	0.04049260963305802
55	Region12	0	0	0	0.05226629354056324
55	Region13	0	0	0	0.03962892312129987
55	Region14	0	0	0	0.03208774178420922
55	Region15	0	0	0	0.027018700863321744
55	Region16	0	0	0	0.03272402840023599
55	Region17	0	0	0	0.03962892312129987
55	Region18	0	0	0	0.03208774178420922
55	Region19	0	0	0	0.027021300737718773
55	Region20	0	0	0	0.02335309515801103
55	Region21	0	0	0	0.027504656847808964
55	Region22	0	0	0	0.03208774178420922
55	Region23	0	0	0	0.027018700863321744
55	Region24	0	0	0	0.0233558129547841
55	Region25	0	0	0	0.020576433882753365
56	Region01	0	0	1	0.034464067594421964
56	Region02	0	0	0	0.042773381746158995
56	Region03	0	0	0	0.03239408770644641
56	Region04	0	0	0	0.02617922272018879
56	Region05	0	0	0	0.022001722612045003
56	Region06	0	0	0	0.03469681217020446
56	Region07	0	0	0	0.0445875457346578
56	Region08	0	0	0	0.033617891386506914
56	Region09	0	0	0	0.027050227902277332
56	Region10	0	0	0	0.02264411976171432
56	Region11	0	0	0	0.03239408770644642
56	Region12	0	0	0	0.041813034832450593
56	Region13	0	0	0	0.031703138497039894
56	Region14	0	0	0	0.02567019342736738
56	Region15	0	0	0	0.021614960690657395
56	Region16	0	0	0	0.026179222720188796
56	Region17	0	0	0	0.031703138497039894
56	Region18	0	0	0	0.02567019342736738
56	Region19	0	0	0	0.02161704059017502
56	Region20	0	0	0	0.018682476126408824
56	Region21	0	0	0	0.022003725478247173
56	Region22	0	0	0	0.02567019342736738
56	Region23	0	0	0	0.021614960690657395
56	Region24	0	0	0	0.01868465036382728
56	Region25	0	0	0	0.01646114710620269
57	Region01	0	0	1	0.027571254075537573
57	Region02	0	0	0	0.034218705396927195
57	Region03	0	0	0	0.025915270165157128
57	Region04	0	0	0	0.020943378176151033
57	Region05	0	0	0	0.017601378089636004
57	Region06	0	0	0	0.02775744973616357
57	Region07	0	0	0	0.03567003658772624
57	Region08	0	0	0	0.026894313109205533
57	Region09	0	0	0	0.02164018232182187
57	Region10	0	0	0	0.01811529580937146
57	Region11	0	0	0	0.025915270165157135
57	Region12	0	0	0	0.033450427865960475
57	Region13	0	0	0	0.025362510797631917
57	Region14	0	0	0	0.020536154741893905
57	Region15	0	0	0	0.017291968552525915
57	Region16	0	0	0	0.020943378176151037
57	Region17	0	0	0	0.025362510797631917
57	Region18	0	0	0	0.020536154741893905
57	Region19	0	0	0	0.017293632472140018
57	Region20	0	0	0	0.01494598090112706
57	Region21	0	0	0	0.01760298038259774
57	Region22	0	0	0	0.020536154741893905
57	Region23	0	0	0	0.017291968552525915
57	Region24	0	0	0	0.014947720291061825
57	Region25	0	0	0	0.013168917684962153
58	Region01	0	0	1	0.022057003260430058
58	Region02	0	0	0	0.02737496431754176
58	Region03	0	0	0	0.020732216132125704
58	Region04	0	0	0	0.01675470254092083
58	Region05	0	0	0	0.014081102471708804
58	Region06	0	0	0	0.02220595978893086
58	Region07	0	0	0	0.028536029270180993
58	Region08	0	0	0	0.02151545048736443
58	Region09	0	0	0	0.017312145857457495
58	Region10	0	0	0	0.014492236647497167
58	Region11	0	0	0	0.02073221613212571
58	Region12	0	0	0	0.026760342292768382
58	Region13	0	0	0	0.020290008638105535
58	Region14	0	0	0	0.016428923793515123
58	Region15	0	0	0	0.013833574842020732
58	Region16	0	0	0	0.01675470254092083
58	Region17	0	0	0	0.020290008638105535
58	Region18	0	0	0	0.016428923793515123
58	Region19	0	0	0	0.013834905977712015
58	Region20	0	0	0	0.011956784720901649
58	Region21	0	0	0	0.014082384306078192
58	Region22	0	0	0	0.016428923793515123
58	Region23	0	0	0	0.013833574842020732
58	Region24	0	0	0	0.011958176232849461
58	Region25	0	0	0	0.010535134147969723
59	Region01	0	0	1	0.2176456026083441
59	Region02	0	0	0	0.3191624750222793
59	Region03	0	0	0	0.2165857729057006
59	Region04	0	0	0	0.16424149715978273
59	Region05	0	0	0	0.13239137017510377
59	Region06	0	0	0	0.16887506582059125
59	Region07	0	0	0	0.22282882341614482
59	Region08	0	0	0	0.16828813291425979
59	Region09	0	0	0	0.13523468835456262
59	Region10	0	0	0	0.11304301298274747
59	Region11	0	0	0	0.13824435019627065
59	Region12	0	0	0	0.17274629094885313
59	Region13	0	0	0	0.1378552076015329
59	Region14	0	0	0	0.11478603141416363
59	Region15	0	0	0	0.09836212556984754
59	Region16	0	0	0	0.11507923228682876
59	Region17	0	0	0	0.1378552076015329
59	Region18	0	0	0	0.11478603141416363
59	Region19	0	0	0	0.09836334260819386
59	Region20	0	0	0	0.08606002586683403
59	Region21	0	0	0	0.09858960850841436
59	Region22	0	0	0	0.11478603141416363
59	Region23	0	0	0	0.09836212556984754
59	Region24	0	0	0	0.08606131301538576
59	Region25	0	0	0	0.07649945853810508
60	Region01	0	0	1	0.2176456026083441
60	Region02	0	0	0	0.3191624750222793
60	Region03	0	0	0	0.2165857729057006
60	Region04	0	0	0	0.16424149715978273
60	Region05	0	0	0	0.13239137017510377
60	Region06	0	0	0	0.16887506582059125
60	Region07	0	0	0	0.22282882341614482
60	Region08	0	0	0	0.16828813291425979
60	Region09	0	0	0	0.13523468835456262
60	Region10	0	0	0	0.11304301298274747
60	Region11	0	0	0	0.13824435019627065
60	Region12	0	0	0	0.17274629094885313
60	Region13	0	0	0	0.1378552076015329
60	Region14	0	0	0	0.11478603141416363
60	Region15	0	0	0	0.09836212556984754
60	Region16	0	0	0	0.11507923228682876
60	Region17	0	0	0	0.1378552076015329
60	Region18	0	0	0	0.11478603141416363
60	Region19	0	0	0	0.09836334260819386
60	Region20	0	0	0	0.08606002586683403
60	Region21	0	0	0	0.09858960850841436
60	Region22	0	0	0	0.11478603141416363
60	Region23	0	0	0	0.09836212556984754
60	Region24	0	0	0	0.08606131301538576
60	Region25	0	0	0	0.07649945853810508
61	Region01	0	0	1	0.1741164820866753
61	Region02	0	0	0	0.2553299800178234
61	Region03	0	0	0	0.1732686183245605
61	Region04	0	0	0	0.13139319772782618
61	Region05	0	0	0	0.10591309614008303
61	Region06	0	0	0	0.135100052656473
61	Region07	0	0	0	0.17826305873291587
61	Region08	0	0	0	0.13463050633140783
61	Region09	0	0	0	0.10818775068365011
61	Region10	0	0	0	0.09043441038619798
61	Region11	0	0	0	0.11059548015701653
61	Region12	0	0	0	0.13819703275908252
61	Region13	0	0	0	0.11028416608122632
61	Region14	0	0	0	0.09182882513133091
61	Region15	0	0	0	0.07868970045587803
61	Region16	0	0	0	0.09206338582946301
61	Region17	0	0	0	0.11028416608122632
61	Region18	0	0	0	0.09182882513133091
61	Region19	0	0	0	0.0786906740865551
61	Region20	0	0	0	0.06884802069346722
61	Region21	0	0	0	0.0788716868067315
61	Region22	0	0	0	0.09182882513133091
61	Region23	0	0	0	0.07868970045587803
61	Region24	0	0	0	0.06884905041230861
61	Region25	0	0	0	0.06119956683048407
62	Region01	0	0	1	0.13929318566934024
62	Region02	0	0	0	0.20426398401425874
62	Region03	0	0	0	0.1386148946596484
62	Region04	0	0	0	0.10511455818226095
62	Region05	0	0	0	0.08473047691206642
62	Region06	0	0	0	0.10808004212517841
62	Region07	0	0	0	0.1426104469863327
62	Region08	0	0	0	0.10770440506512627
62	Region09	0	0	0	0.08655020054692009
62	Region10	0	0	0	0.0723475283089584
62	Region11	0	0	0	0.08847638412561323
62	Region12	0	0	0	0.11055762620726602
62	Region13	0	0	0	0.08822733286498106
62	Region14	0	0	0	0.07346306010506473
62	Region15	0	0	0	0.06295176036470243
62	Region16	0	0	0	0.07365070866357042
62	Region17	0	0	0	0.08822733286498106
62	Region18	0	0	0	0.07346306010506473
62	Region19	0	0	0	0.06295253926924409
62	Region20	0	0	0	0.05507841655477378
62	Region21	0	0	0	0.0630973494453852
62	Region22	0	0	0	0.07346306010506473
62	Region23	0	0	0	0.06295176036470243
62	Region24	0	0	0	0.055079240329846894
62	Region25	0	0	0	0.04895965346438726
63	Region01	0	0	1	0.11143454853547219
63	Region02	0	0	0	0.16341118721140702
63	Region03	0	0	0	0.11089191572771873
63	Region04	0	0	0	0.08409164654580877
63	Region05	0	0	0	0.06778438152965315
63	Region06	0	0	0	0.08646403370014273
63	Region07	0	0	0	0.11408835758906617
63	Region08	0	0	0	0.08616352405210102
63	Region09	0	0	0	0.06924016043753607
63	Region10	0	0	0	0.05787802264716672
63	Region11	0	0	0	0.07078110730049059
63	Region12	0	0	0	0.08844610096581282
63	Region13	0	0	0	0.07058186629198486
63	Region14	0	0	0	0.05877044808405179
63	Region15	0	0	0	0.050361408291761944
63	Region16	0	0	0	0.05892056693085634
63	Region17	0	0	0	0.07058186629198486
63	Region18	0	0	0	0.05877044808405179
63	Region19	0	0	0	0.050362031415395275
63	Region20	0	0	0	0.04406273324381903
63	Region21	0	0	0	0.05047787955630816
63	Region22	0	0	0	0.05877044808405179
63	Region23	0	0	0	0.050361408291761944
63	Region24	0	0	0	0.04406339226387752
63	Region25	0	0	0	0.03916772277150981
64	Region01	0	0	1	0.08914763882837776
64	Region02	0	0	0	0.1307289497691256
64	Region03	0	0	0	0.08871353258217499
64	Region04	0	0	0	0.06727331723664702
64	Region05	0	0	0	0.05422750522372252
64	Region06	0	0	0	0.06917122696011418
64	Region07	0	0	0	0.09127068607125294
64	Region08	0	0	0	0.06893081924168082
64	Region09	0	0	0	0.05539212835002886
64	Region10	0	0	0	0.04630241811773338
64	Region11	0	0	0	0.05662488584039247
64	Region12	0	0	0	0.07075688077265026
64	Region13	0	0	0	0.05646549303358789
64	Region14	0	0	0	0.047016358467241434
64	Region15	0	0	0	0.040289126633409555
64	Region16	0	0	0	0.04713645354468507
64	Region17	0	0	0	0.05646549303358789
64	Region18	0	0	0	0.047016358467241434
64	Region19	0	0	0	0.04028962513231622
64	Region20	0	0	0	0.03525018659505522
64	Region21	0	0	0	0.04038230364504653
64	Region22	0	0	0	0.047016358467241434
64	Region23	0	0	0	0.040289126633409555
64	Region24	0	0	0	0.035250713811102015
64	Region25	0	0	0	0.031334178217207846
65	Region01	0	0	1	0.07131811106270221
65	Region02	0	0	0	0.10458315981530049
65	Region03	0	0	0	0.07097082606574
65	Region04	0	0	0	0.05381865378931762
65	Region05	0	0	0	0.04338200417897802
65	Region06	0	0	0	0.05533698156809135
65	Region07	0	0	0	0.07301654885700236
65	Region08	0	0	0	0.055144655393344656
65	Region09	0	0	0	0.04431370268002309
65	Region10	0	0	0	0.037041934494186704
65	Region11	0	0	0	0.04529990867231398
65	Region12	0	0	0	0.05660550461812021
65	Region13	0	0	0	0.045172394426870315
65	Region14	0	0	0	0.03761308677379315
65	Region15	0	0	0	0.03223130130672765
65	Region16	0	0	0	0.03770916283574806
65	Region17	0	0	0	0.045172394426870315
65	Region18	0	0	0	0.03761308677379315
65	Region19	0	0	0	0.03223170010585298
65	Region20	0	0	0	0.02820014927604418
65	Region21	0	0	0	0.032305842916037227
65	Region22	0	0	0	0.03761308677379315
65	Region23	0	0	0	0.03223130130672765
65	Region24	0	0	0	0.028200571048881615
65	Region25	0	0	0	0.025067342573766277
66	Region01	0	0	1	0.05705448885016177
66	Region02	0	0	0	0.0836665278522404
66	Region03	0	0	0	0.056776660852592004
66	Region04	0	0	0	0.0430549230314541
66	Region05	0	0	0	0.03470560334318242
66	Region06	0	0	0	0.04426958525447308
66	Region07	0	0	0	0.05841323908560189
66	Region08	0	0	0	0.044115724314675725
66	Region09	0	0	0	0.03545096214401847
66	Region10	0	0	0	0.029633547595349363
66	Region11	0	0	0	0.036239926937851184
66	Region12	0	0	0	0.04528440369449617
66	Region13	0	0	0	0.03613791554149625
66	Region14	0	0	0	0.030090469419034524
66	Region15	0	0	0	0.02578504104538212
66	Region16	0	0	0	0.030167330268598448
66	Region17	0	0	0	0.03613791554149625
66	Region18	0	0	0	0.030090469419034524
66	Region19	0	0	0	0.025785360084682386
66	Region20	0	0	0	0.022560119420835346
66	Region21	0	0	0	0.025844674332829783
66	Region22	0	0	0	0.030090469419034524
66	Region23	0	0	0	0.02578504104538212
66	Region24	0	0	0	0.022560456839105292
66	Region25	0	0	0	0.020053874059013023
67	Region01	0	0	1	0.045643591080129414
67	Region02	0	0	0	0.06693322228179231
67	Region03	0	0	0	0.0454213286820736
67	Region04	0	0	0	0.03444393842516328
67	Region05	0	0	0	0.02776448267454594
67	Region06	0	0	0	0.035415668203578464
67	Region07	0	0	0	0.04673059126848152
67	Region08	0	0	0	0.03529257945174058
67	Region09	0	0	0	0.02836076971521478
67	Region10	0	0	0	0.02370683807627949
67	Region11	0	0	0	0.02899194155028095
67	Region12	0	0	0	0.03622752295559694
67	Region13	0	0	0	0.028910332433197003
67	Region14	0	0	0	0.02407237553522762
67	Region15	0	0	0	0.020628032836305696
67	Region16	0	0	0	0.02413386421487876
67	Region17	0	0	0	0.028910332433197003
67	Region18	0	0	0	0.02407237553522762
67	Region19	0	0	0	0.02062828806774591
67	Region20	0	0	0	0.018048095536668276
67	Region21	0	0	0	0.020675739466263828
67	Region22	0	0	0	0.02407237553522762
67	Region23	0	0	0	0.020628032836305696
67	Region24	0	0	0	0.018048365471284234
67	Region25	0	0	0	0.01604309924721042
68	Region01	0	0	1	0.036514872864103536
68	Region02	0	0	0	0.05354657782543385
68	Region03	0	0	0	0.03633706294565888
68	Region04	0	0	0	0.027555150740130624
68	Region05	0	0	0	0.022211586139636752
68	Region06	0	0	0	0.028332534562862773
68	Region07	0	0	0	0.037384473014785216
68	Region08	0	0	0	0.028234063561392464
68	Region09	0	0	0	0.022688615772171825
68	Region10	0	0	0	0.018965470461023592
68	Region11	0	0	0	0.023193553240224762
68	Region12	0	0	0	0.028982018364477554
68	Region13	0	0	0	0.023128265946557605
68	Region14	0	0	0	0.019257900428182095
68	Region15	0	0	0	0.016502426269044558
68	Region16	0	0	0	0.019307091371903007
68	Region17	0	0	0	0.023128265946557605
68	Region18	0	0	0	0.019257900428182095
68	Region19	0	0	0	0.01650263045419673
68	Region20	0	0	0	0.014438476429334622
68	Region21	0	0	0	0.016540591573011063
68	Region22	0	0	0	0.019257900428182095
68	Region23	0	0	0	0.016502426269044558
68	Region24	0	0	0	0.014438692377027388
68	Region25	0	0	0	0.012834479397768337
69	Region01	0	0	1	0.02921189829128283
69	Region02	0	0	0	0.042837262260347085
69	Region03	0	0	0	0.029069650356527105
69	Region04	0	0	0	0.0220441205921045
69	Region05	0	0	0	0.017769268911709404
69	Region06	0	0	0	0.02266602765029022
69	Region07	0	0	0	0.029907578411828173
69	Region08	0	0	0	0.022587250849113973
69	Region09	0	0	0	0.01815089261773746
69	Region10	0	0	0	0.015172376368818874
69	Region11	0	0	0	0.01855484259217981
69	Region12	0	0	0	0.023185614691582045
69	Region13	0	0	0	0.018502612757246083
69	Region14	0	0	0	0.015406320342545677
69	Region15	0	0	0	0.013201941015235648
69	Region16	0	0	0	0.015445673097522407
69	Region17	0	0	0	0.018502612757246083
69	Region18	0	0	0	0.015406320342545677
69	Region19	0	0	0	0.013202104363357385
69	Region20	0	0	0	0.011550781143467699
69	Region21	0	0	0	0.013232473258408851
69	Region22	0	0	0	0.015406320342545677
69	Region23	0	0	0	0.013201941015235648
69	Region24	0	0	0	0.011550953901621912
69	Region25	0	0	0	0.01026758351821467
70	Region01	0	0	1	0.023369518633026266
70	Region02	0	0	0	0.03426980980827767
70	Region03	0	0	0	0.023255720285221687
70	Region04	0	0	0	0.0176352964736836
70	Region05	0	0	0	0.014215415129367524
70	Region06	0	0	0	0.018132822120232175
70	Region07	0	0	0	0.02392606272946254
70	Region08	0	0	0	0.01806980067929118
70	Region09	0	0	0	0.014520714094189969
70	Region10	0	0	0	0.0121379010950551
70	Region11	0	0	0	0.01484387407374385
70	Region12	0	0	0	0.018548491753265638
70	Region13	0	0	0	0.014802090205796868
70	Region14	0	0	0	0.012325056274036543
70	Region15	0	0	0	0.01056155281218852
70	Region16	0	0	0	0.012356538478017926
70	Region17	0	0	0	0.014802090205796868
70	Region18	0	0	0	0.012325056274036543
70	Region19	0	0	0	0.010561683490685909
70	Region20	0	0	0	0.00924062491477416
70	Region21	0	0	0	0.010585978606727081
70	Region22	0	0	0	0.012325056274036543
70	Region23	0	0	0	0.01056155281218852
70	Region24	0	0	0	0.00924076312129753
70	Region25	0	0	0	0.008214066814571735
71	Region01	0	0	1	0.018695614906421014
71	Region02	0	0	0	0.02741584784662214
71	Region03	0	0	0	0.01860457622817735
71	Region04	0	0	0	0.01410823717894688
71	Region05	0	0	0	0.01137233210349402
71	Region06	0	0	0	0.01450625769618574
71	Region07	0	0	0	0.019140850183570035
71	Region08	0	0	0	0.014455840543432944
71	Region09	0	0	0	0.011616571275351976
71	Region10	0	0	0	0.00971032087604408
71	Region11	0	0	0	0.01187509925899508
71	Region12	0	0	0	0.01483879340261251
71	Region13	0	0	0	0.011841672164637496
71	Region14	0	0	0	0.009860045019229234
71	Region15	0	0	0	0.008449242249750816
71	Region16	0	0	0	0.009885230782414342
71	Region17	0	0	0	0.011841672164637496
71	Region18	0	0	0	0.009860045019229234
71	Region19	0	0	0	0.008449346792548728
71	Region20	0	0	0	0.007392499931819329
71	Region21	0	0	0	0.008468782885381665
71	Region22	0	0	0	0.009860045019229234
71	Region23	0	0	0	0.008449242249750816
71	Region24	0	0	0	0.007392610497038024
71	Region25	0	0	0	0.0065712534516573886
72	Region01	0	0	1	0.014956491925136811
72	Region02	0	0	0	0.021932678277297713
72	Region03	0	0	0	0.014883660982541881
72	Region04	0	0	0	0.011286589743157506
72	Region05	0	0	0	0.009097865682795216
72	Region06	0	0	0	0.011605006156948594
72	Region07	0	0	0	0.01531268014685603
72	Region08	0	0	0	0.011564672434746355
72	Region09	0	0	0	0.009293257020281581
72	Region10	0	0	0	0.007768256700835265
72	Region11	0	0	0	0.009500079407196065
72	Region12	0	0	0	0.011871034722090008
72	Region13	0	0	0	0.009473337731709996
72	Region14	0	0	0	0.007888036015383388
72	Region15	0	0	0	0.0067593937998006535
72	Region16	0	0	0	0.007908184625931474
72	Region17	0	0	0	0.009473337731709996
72	Region18	0	0	0	0.007888036015383388
72	Region19	0	0	0	0.0067594774340389826
72	Region20	0	0	0	0.0059139999454554636
72	Region21	0	0	0	0.006775026308305333
72	Region22	0	0	0	0.007888036015383388
72	Region23	0	0	0	0.0067593937998006535
72	Region24	0	0	0	0.0059140883976304195
72	Region25	0	0	0	0.005257002761325911
73	Region01	0	0	1	0.01196519354010945
73	Region02	0	0	0	0.017546142621838172
73	Region03	0	0	0	0.011906928786033506
73	Region04	0	0	0	0.009029271794526004
73	Region05	0	0	0	0.007278292546236173
73	Region06	0	0	0	0.009284004925558876
73	Region07	0	0	0	0.012250144117484825
73	Region08	0	0	0	0.009251737947797085
73	Region09	0	0	0	0.007434605616225266
73	Region10	0	0	0	0.006214605360668212
73	Region11	0	0	0	0.007600063525756852
73	Region12	0	0	0	0.009496827777672008
73	Region13	0	0	0	0.007578670185367998
73	Region14	0	0	0	0.006310428812306711
73	Region15	0	0	0	0.005407515039840523
73	Region16	0	0	0	0.006326547700745179
73	Region17	0	0	0	0.007578670185367998
73	Region18	0	0	0	0.006310428812306711
73	Region19	0	0	0	0.0054075819472311866
73	Region20	0	0	0	0.0047311999563643715
73	Region21	0	0	0	0.005420021046644266
73	Region22	0	0	0	0.006310428812306711
73	Region23	0	0	0	0.005407515039840523
73	Region24	0	0	0	0.004731270718104336
73	Region25	0	0	0	0.004205602209060729
74	Region01	0	0	1	0.00957215483208756
74	Region02	0	0	0	0.014036914097470538
74	Region03	0	0	0	0.009525543028826806
74	Region04	0	0	0	0.0072234174356208035
74	Region05	0	0	0	0.005822634036988939
74	Region06	0	0	0	0.0074272039404471015
74	Region07	0	0	0	0.00980011529398786
74	Region08	0	0	0	0.007401390358237669
74	Region09	0	0	0	0.005947684492980213
74	Region10	0	0	0	0.00497168428853457
74	Region11	0	0	0	0.006080050820605482
74	Region12	0	0	0	0.007597462222137606
74	Region13	0	0	0	0.006062936148294399
74	Region14	0	0	0	0.005048343049845369
74	Region15	0	0	0	0.0043260120318724185
74	Region16	0	0	0	0.005061238160596143
74	Region17	0	0	0	0.006062936148294399
74	Region18	0	0	0	0.005048343049845369
74	Region19	0	0	0	0.00432606555778495
74	Region20	0	0	0	0.0037849599650914972
74	Region21	0	0	0	0.004336016837315413
74	Region22	0	0	0	0.005048343049845369
74	Region23	0	0	0	0.0043260120318724185
74	Region24	0	0	0	0.0037850165744834686
74	Region25	0	0	0	0.003364481767248583
75	Region01	0	0	1	0.007657723865670048
75	Region02	0	0	0	0.011229531277976431
75	Region03	0	0	0	0.007620434423061446
75	Region04	0	0	0	0.0057787339484966435
75	Region05	0	0	0	0.0046581072295911515
75	Region06	0	0	0	0.005941763152357681
75	Region07	0	0	0	0.007840092235190289
75	Region08	0	0	0	0.005921112286590135
75	Region09	0	0	0	0.004758147594384171
75	Region10	0	0	0	0.0039773474308276565
75	Region11	0	0	0	0.004864040656484386
75	Region12	0	0	0	0.0060779697777100855
75	Region13	0	0	0	0.004850348918635519
75	Region14	0	0	0	0.004038674439876296
75	Region15	0	0	0	0.003460809625497935
75	Region16	0	0	0	0.004048990528476915
75	Region17	0	0	0	0.004850348918635519
75	Region18	0	0	0	0.004038674439876296
75	Region19	0	0	0	0.00346085244622796
75	Region20	0	0	0	0.003027967972073198
75	Region21	0	0	0	0.0034688134698523305
75	Region22	0	0	0	0.004038674439876296
75	Region23	0	0	0	0.003460809625497935
75	Region24	0	0	0	0.0030280132595867752
75	Region25	0	0	0	0.0026915854137988665
76	Region01	0	0	1	0.0061261790925360386
76	Region02	0	0	0	0.008983625022381146
76	Region03	0	0	0	0.006096347538449157
76	Region04	0	0	0	0.004622987158797315
76	Region05	0	0	0	0.0037264857836729216
76	Region06	0	0	0	0.004753410521886145
76	Region07	0	0	0	0.006272073788152231
76	Region08	0	0	0	0.004736889829272109
76	Region09	0	0	0	0.003806518075507337
76	Region10	0	0	0	0.0031818779446621255
76	Region11	0	0	0	0.003891232525187509
76	Region12	0	0	0	0.004862375822168068
76	Region13	0	0	0	0.0038802791349084155
76	Region14	0	0	0	0.003230939551901037
76	Region15	0	0	0	0.002768647700398348
76	Region16	0	0	0	0.003239192422781532
76	Region17	0	0	0	0.0038802791349084155
76	Region18	0	0	0	0.003230939551901037
76	Region19	0	0	0	0.002768681956982368
76	Region20	0	0	0	0.0024223743776585586
76	Region21	0	0	0	0.0027750507758818647
76	Region22	0	0	0	0.003230939551901037
76	Region23	0	0	0	0.002768647700398348
76	Region24	0	0	0	0.0024224106076694203
76	Region25	0	0	0	0.002153268331039093
77	Region01	0	0	1	0.004900943274028831
77	Region02	0	0	0	0.007186900017904917
77	Region03	0	0	0	0.004877078030759326
77	Region04	0	0	0	0.003698389727037852
77	Region05	0	0	0	0.0029811886269383372
77	Region06	0	0	0	0.0038027284175089163
77	Region07	0	0	0	0.0050176590305217855
77	Region08	0	0	0	0.003789511863417687
77	Region09	0	0	0	0.0030452144604058698
77	Region10	0	0	0	0.0025455023557297007
77	Region11	0	0	0	0.0031129860201500074
77	Region12	0	0	0	0.003889900657734455
77	Region13	0	0	0	0.0031042233079267324
77	Region14	0	0	0	0.0025847516415208297
77	Region15	0	0	0	0.0022149181603186787
77	Region16	0	0	0	0.002591353938225226
77	Region17	0	0	0	0.0031042233079267324
77	Region18	0	0	0	0.0025847516415208297
77	Region19	0	0	0	0.002214945565585895
77	Region20	0	0	0	0.001937899502126847
77	Region21	0	0	0	0.0022200406207054917
77	Region22	0	0	0	0.0025847516415208297
77	Region23	0	0	0	0.0022149181603186787
77	Region24	0	0	0	0.0019379284861355363
77	Region25	0	0	0	0.0017226146648312746
78	Region01	0	0	1	0.0039207546192230654
78	Region02	0	0	0	0.005749520014323934
78	Region03	0	0	0	0.0039016624246074605
78	Region04	0	0	0	0.002958711781630282
78	Region05	0	0	0	0.00238495090155067
78	Region06	0	0	0	0.0030421827340071333
78	Region07	0	0	0	0.004014127224417428
78	Region08	0	0	0	0.0030316094907341497
78	Region09	0	0	0	0.002436171568324696
78	Region10	0	0	0	0.0020364018845837606
78	Region11	0	0	0	0.0024903888161200063
78	Region12	0	0	0	0.0031119205261875642
78	Region13	0	0	0	0.0024833786463413863
78	Region14	0	0	0	0.0020678013132166637
78	Region15	0	0	0	0.001771934528254943
78	Region16	0	0	0	0.002073083150580181
78	Region17	0	0	0	0.0024833786463413863
78	Region18	0	0	0	0.0020678013132166637
78	Region19	0	0	0	0.001771956452468716
78	Region20	0	0	0	0.0015503196017014776
78	Region21	0	0	0	0.0017760324965643934
78	Region22	0	0	0	0.0020678013132166637
78	Region23	0	0	0	0.001771934528254943
78	Region24	0	0	0	0.0015503427889084292
78	Region25	0	0	0	0.0013780917318650197
79	Region01	0	0	1	0.0031366036953784527
79	Region02	0	0	0	0.004599616011459147
79	Region03	0	0	0	0.0031213299396859687
79	Region04	0	0	0	0.002366969425304226
79	Region05	0	0	0	0.001907960721240536
79	Region06	0	0	0	0.0024337461872057068
79	Region07	0	0	0	0.0032113017795339428
79	Region08	0	0	0	0.00242528759258732
79	Region09	0	0	0	0.0019489372546597568
79	Region10	0	0	0	0.0016291215076670086
79	Region11	0	0	0	0.001992311052896005
79	Region12	0	0	0	0.0024895364209500514
79	Region13	0	0	0	0.001986702917073109
79	Region14	0	0	0	0.001654241050573331
79	Region15	0	0	0	0.0014175476226039544
79	Region16	0	0	0	0.0016584665204641448
79	Region17	0	0	0	0.001986702917073109
79	Region18	0	0	0	0.001654241050573331
79	Region19	0	0	0	0.001417565161974973
79	Region20	0	0	0	0.001240255681361182
79	Region21	0	0	0	0.0014208259972515148
79	Region22	0	0	0	0.001654241050573331
79	Region23	0	0	0	0.0014175476226039544
79	Region24	0	0	0	0.0012402742311267434
79	Region25	0	0	0	0.0011024733854920158
80	Region01	0	0	1	0.0025092829563027625
80	Region02	0	0	0	0.003679692809167318
80	Region03	0	0	0	0.002497063951748775
80	Region04	0	0	0	0.0018935755402433808
80	Region05	0	0	0	0.0015263685769924288
80	Region06	0	0	0	0.0019469969497645655
80	Region07	0	0	0	0.0025690414236271544
80	Region08	0	0	0	0.001940230074069856
80	Region09	0	0	0	0.0015591498037278056
80	Region10	0	0	0	0.0013032972061336068
80	Region11	0	0	0	0.0015938488423168041
80	Region12	0	0	0	0.001991629136760041
80	Region13	0	0	0	0.0015893623336584875
80	Region14	0	0	0	0.001323392840458665
80	Region15	0	0	0	0.0011340380980831635
80	Region16	0	0	0	0.0013267732163713159
80	Region17	0	0	0	0.0015893623336584875
80	Region18	0	0	0	0.001323392840458665
80	Region19	0	0	0	0.0011340521295799785
80	Region20	0	0	0	0.0009922045450889458
80	Region21	0	0	0	0.0011366607978012119
80	Region22	0	0	0	0.001323392840458665
80	Region23	0	0	0	0.0011340380980831635
80	Region24	0	0	0	0.0009922193849013947
80	Region25	0	0	0	0.0008819787083936127
81	Region01	0	0	1	1.0
81	Region02	0	0	0	1.0
81	Region03	0	0	0	1.0
81	Region04	0	0	0	1.0
81	Region05	0	0	0	1.0
81	Region06	0	0	0	1.0
81	Region07	0	0	0	1.0
81	Region08	0	0	0	1.0
81	Region09	0	0	0	1.0
81	Region10	0	0	0	1.0
81	Region11	0	0	0	1.0
81	Region12	0	0	0	1.0
81	Region13	0	0	0	1.0
81	Region14	0	0	0	1.0
81	Region15	0	0	0	1.0
81	Region16	0	0	0	1.0
81	Region17	0	0	0	1.0
81	Region18	0	0	0	1.0
81	Region19	0	0	0	1.0
81	Region20	0	0	0	1.0
81	Region21	0	0	0	1.0
81	Region22	0	0	0	1.0
81	Region23	0	0	0	1.0
81	Region24	0	0	0	1.0
81	Region25	0	0	0	1.0
82	Region01	0	0	1	1.0
82	Region02	0	0	0	1.0
82	Region03	0	0	0	1.0
82	Region04	0	0	0	1.0
82	Region05	0	0	0	1.0
82	Region06	0	0	0	1.0
82	Region07	0	0	0	1.0
82	Region08	0	0	0	1.0
82	Region09	0	0	0	1.0
82	Region10	0	0	0	1.0
82	Region11	0	0	0	1.0
82	Region12	0	0	0	1.0
82	Region13	0	0	0	1.0
82	Region14	0	0	0	1.0
82	Region15	0	0	0	1.0
82	Region16	0	0	0	1.0
82	Region17	0	0	0	1.0
82	Region18	0	0	0	1.0
82	Region19	0	0	0	1.0
82	Region20	0	0	0	1.0
82	Region21	0	0	0	1.0
82	Region22	0	0	0	1.0
82	Region23	0	0	0	1.0
82	Region24	0	0	0	1.0
82	Region25	0	0	0	1.0
83	Region01	0	0	1	1.0
83	Region02	0	0	0	1.0
83	Region03	0	0	0	1.0
83	Region04	0	0	0	1.0
83	Region05	0	0	0	1.0
83	Region06	0	0	0	1.0
83	Region07	0	0	0	1.0
83	Region08	0	0	0	1.0
83	Region09	0	0	0	1.0
83	Region10	0	0	0	1.0
83	Region11	0	0	0	1.0
83	Region12	0	0	0	1.0
83	Region13	0	0	0	1.0
83	Region14	0	0	0	1.0
83	Region15	0	0	0	1.0
83	Region16	0	0	0	1.0
83	Region17	0	0	0	1.0
83	Region18	0	0	0	1.0
83	Region19	0	0	0	1.0
83	Region20	0	0	0	1.0
83	Region21	0	0	0	1.0
83	Region22	0	0	0	1.0
83	Region23	0	0	0	1.0
83	Region24	0	0	0	1.0
83	Region25	0	0	0	1.0
84	Region01	0	0	1	1.0
84	Region02	0	0	0	1.0
84	Region03	0	0	0	1.0
84	Region04	0	0	0	1.0
84	Region05	0	0	0	1.0
84	Region06	0	0	0	1.0
84	Region07	0	0	0	1.0
84	Region08	0	0	0	1.0
84	Region09	0	0	0	1.0
84	Region10	0	0	0	1.0
84	Region11	0	0	0	1.0
84	Region12	0	0	0	1.0
84	Region13	0	0	0	1.0
84	Region14	0	0	0	1.0
84	Region15	0	0	0	1.0
84	Region16	0	0	0	1.0
84	Region17	0	0	0	1.0
84	Region18	0	0	0	1.0
84	Region19	0	0	0	1.0
84	Region20	0	0	0	1.0
84	Region21	0	0	0	1.0
84	Region22	0	0	0	1.0
84	Region23	0	0	0	1.0
84	Region24	0	0	0	1.0
84	Region25	0	0	0	1.0
85	Region01	1	0	1	1.0
85	Region02	0	0	0	1.0
85	Region03	0	0	0	1.0
85	Region04	0	0	0	1.0
85	Region05	0	0	0	1.0
85	Region06	0	0	0	1.0
85	Region07	0	0	0	1.0
85	Region08	0	0	0	1.0
85	Region09	0	0	0	1.0
85	Region10	0	0	0	1.0
85	Region11	0	0	0	1.0
85	Region12	0	0	0	1.0
85	Region13	0	0	0	1.0
85	Region14	0	0	0	1.0
85	Region15	0	0	0	1.0
85	Region16	0	0	0	1.0
85	Region17	0	0	0	1.0
85	Region18	0	0	0	1.0
85	Region19	0	0	0	1.0
85	Region20	0	0	0	1.0
85	Region21	0	0	0	1.0
85	Region22	0	0	0	1.0
85	Region23	0	0	0	1.0
85	Region24	0	0	0	1.0
85	Region25	0	0	0	1.0
86	Region01	1	0	1	1.0
86	Region02	0	0	0	1.0
86	Region03	0	0	0	1.0
86	Region04	0	0	0	1.0
86	Region05	0	0	0	1.0
86	Region06	0	0	0	1.0
86	Region07	0	0	0	1.0
86	Region08	0	0	0	1.0
86	Region09	0	0	0	1.0
86	Region10	0	0	0	1.0
86	Region11	0	0	0	1.0
86	Region12	0	0	0	1.0
86	Region13	0	0	0	1.0
86	Region14	0	0	0	1.0
86	Region15	0	0	0	1.0
86	Region16	0	0	0	1.0
86	Region17	0	0	0	1.0
86	Region18	0	0	0	1.0
86	Region19	0	0	0	1.0
86	Region20	0	0	0	1.0
86	Region21	0	0	0	1.0
86	Region22	0	0	0	1.0
86	Region23	0	0	0	1.0
86	Region24	0	0	0	1.0
86	Region25	0	0	0	1.0
87	Region01	1	0	1	0.8
87	Region02	0	0	0	0.8
87	Region03	0	0	0	0.8
87	Region04	0	0	0	0.8
87	Region05	0	0	0	0.8
87	Region06	0	0	0	0.8
87	Region07	0	0	0	0.8
87	Region08	0	0	0	0.8
87	Region09	0	0	0	0.8
87	Region10	0	0	0	0.8
87	Region11	0	0	0	0.8
87	Region12	0	0	0	0.8
87	Region13	0	0	0	0.8
87	Region14	0	0	0	0.8
87	Region15	0	0	0	0.8
87	Region16	0	0	0	0.8
87	Region17	0	0	0	0.8
87	Region18	0	0	0	0.8
87	Region19	0	0	0	0.8
87	Region20	0	0	0	0.8
87	Region21	0	0	0	0.8
87	Region22	0	0	0	0.8
87	Region23	0	0	0	0.8
87	Region24	0	0	0	0.8
87	Region25	0	0	0	0.8
88	Region01	1	0	1	0.6400000000000001
88	Region02	0	0	0	0.6400000000000001
88	Region03	0	0	0	0.6400000000000001
88	Region04	0	0	0	0.6400000000000001
88	Region05	0	0	0	0.6400000000000001
88	Region06	0	0	0	0.6400000000000001
88	Region07	0	0	0	0.6400000000000001
88	Region08	0	0	0	0.6400000000000001
88	Region09	0	0	0	0.6400000000000001
88	Region10	0	0	0	0.6400000000000001
88	Region11	0	0	0	0.6400000000000001
88	Region12	0	0	0	0.6400000000000001
88	Region13	0	0	0	0.6400000000000001
88	Region14	0	0	0	0.6400000000000001
88	Region15	0	0	0	0.6400000000000001
88	Region16	0	0	0	0.6400000000000001
88	Region17	0	0	0	0.6400000000000001
88	Region18	0	0	0	0.6400000000000001
88	Region19	0	0	0	0.6400000000000001
88	Region20	0	0	0	0.6400000000000001
88	Region21	0	0	0	0.6400000000000001
88	Region22	0	0	0	0.6400000000000001
88	Region23	0	0	0	0.6400000000000001
88	Region24	0	0	0	0.6400000000000001
88	Region25	0	0	0	0.6400000000000001
89	Region01	1	0	1	0.5120000000000001
89	Region02	0	0	0	0.5120000000000001
89	Region03	0	0	0	0.5120000000000001
89	Region04	0	0	0	0.5120000000000001
89	Region05	0	0	0	0.5120000000000001
89	Region06	0	0	0	0.5120000000000001
89	Region07	0	0	0	0.5120000000000001
89	Region08	0	0	0	0.5120000000000001
89	Region09	0	0	0	0.5120000000000001
89	Region10	0	0	0	0.5120000000000001
89	Region11	0	0	0	0.5120000000000001
89	Region12	0	0	0	0.5120000000000001
89	Region13	0	0	0	0.5120000000000001
89	Region14	0	0	0	0.5120000000000001
89	Region15	0	0	0	0.5120000000000001
89	Region16	0	0	0	0.5120000000000001
89	Region17	0	0	0	0.5120000000000001
89	Region18	0	0	0	0.5120000000000001
89	Region19	0	0	0	0.5120000000000001
89	Region20	0	0	0	0.5120000000000001
89	Region21	0	0	0	0.5120000000000001
89	Region22	0	0	0	0.5120000000000001
89	Region23	0	0	0	0.5120000000000001
89	Region24	0	0	0	0.5120000000000001
89	Region25	0	0	0	0.5120000000000001
90	Region01	1	0	1	0.40960000000000013
90	Region02	0	0	0	0.40960000000000013
90	Region03	0	0	0	0.40960000000000013
90	Region04	0	0	0	0.40960000000000013
90	Region05	0	0	0	0.40960000000000013
90	Region06	0	0	0	0.40960000000000013
90	Region07	0	0	0	0.40960000000000013
90	Region08	0	0	0	0.40960000000000013
90	Region09	0	0	0	0.40960000000000013
90	Region10	0	0	0	0.40960000000000013
90	Region11	0	0	0	0.40960000000000013
90	Region12	0	0	0	0.40960000000000013
90	Region13	0	0	0	0.40960000000000013
90	Region14	0	0	0	0.40960000000000013
90	Region15	0	0	0	0.40960000000000013
90	Region16	0	0	0	0.40960000000000013
90	Region17	0	0	0	0.40960000000000013
90	Region18	0	0	0	0.40960000000000013
90	Region19	0	0	0	0.40960000000000013
90	Region20	0	0	0	0.40960000000000013
90	Region21	0	0	0	0.40960000000000013
90	Region22	0	0	0	0.40960000000000013
90	Region23	0	0	0	0.40960000000000013
90	Region24	0	0	0	0.40960000000000013
90	Region25	0	0	0	0.40960000000000013
91	Region01	1	0	1	0.32768000000000014
91	Region02	0	0	0	0.32768000000000014
91	Region03	0	0	0	0.32768000000000014
91	Region04	0	0	0	0.32768000000000014
91	Region05	0	0	0	0.32768000000000014
91	Region06	0	0	0	0.32768000000000014
91	Region07	0	0	0	0.32768000000000014
91	Region08	0	0	0	0.32768000000000014
91	Region09	0	0	0	0.32768000000000014
91	Region10	0	0	0	0.32768000000000014
91	Region11	0	0	0	0.32768000000000014
91	Region12	0	0	0	0.32768000000000014
91	Region13	0	0	0	0.32768000000000014
91	Region14	0	0	0	0.32768000000000014
91	Region15	0	0	0	0.32768000000000014
91	Region16	0	0	0	0.32768000000000014
91	Region17	0	0	0	0.32768000000000014
91	Region18	0	0	0	0.32768000000000014
91	Region19	0	0	0	0.32768000000000014
91	Region20	0	0	0	0.32768000000000014
91	Region21	0	0	0	0.32768000000000014
91	Region22	0	0	0	0.32768000000000014
91	Region23	0	0	0	0.32768000000000014
91	Region24	0	0	0	0.32768000000000014
91	Region25	0	0	0	0.32768000000000014
92	Region01	1	0	1	0.2621440000000001
92	Region02	0	0	0	0.2621440000000001
92	Region03	0	0	0	0.2621440000000001
92	Region04	0	0	0	0.2621440000000001
92	Region05	0	0	0	0.2621440000000001
92	Region06	0	0	0	0.2621440000000001
92	Region07	0	0	0	0.2621440000000001
92	Region08	0	0	0	0.2621440000000001
92	Region09	0	0	0	0.2621440000000001
92	Region10	0	0	0	0.2621440000000001
92	Region11	0	0	0	0.2621440000000001
92	Region12	0	0	0	0.2621440000000001
92	Region13	0	0	0	0.2621440000000001
92	Region14	0	0	0	0.2621440000000001
92	Region15	0	0	0	0.2621440000000001
92	Region16	0	0	0	0.2621440000000001
92	Region17	0	0	0	0.2621440000000001
92	Region18	0	0	0	0.2621440000000001
92	Region19	0	0	0	0.2621440000000001
92	Region20	0	0	0	0.2621440000000001
92	Region21	0	0	0	0.2621440000000001
92	Region22	0	0	0	0.2621440000000001
92	Region23	0	0	0	0.2621440000000001
92	Region24	0	0	0	0.2621440000000001
92	Region25	0	0	0	0.2621440000000001
93	Region01	1	0	1	0.2097152000000001
93	Region02	0	0	0	0.2097152000000001
93	Region03	0	0	0	0.2097152000000001
93	Region04	0	0	0	0.2097152000000001
93	Region05	0	0	0	0.2097152000000001
93	Region06	0	0	0	0.2097152000000001
93	Region07	0	0	0	0.2097152000000001
93	Region08	0	0	0	0.2097152000000001
93	Region09	0	0	0	0.2097152000000001
93	Region10	0	0	0	0.2097152000000001
93	Region11	0	0	0	0.2097152000000001
93	Region12	0	0	0	0.2097152000000001
93	Region13	0	0	0	0.2097152000000001
93	Region14	0	0	0	0.2097152000000001
93	Region15	0	0	0	0.2097152000000001
93	Region16	0	0	0	0.2097152000000001
93	Region17	0	0	0	0.2097152000000001
93	Region18	0	0	0	0.2097152000000001
93	Region19	0	0	0	0.2097152000000001
93	Region20	0	0	0	0.2097152000000001
93	Region21	0	0	0	0.2097152000000001
93	Region22	0	0	0	0.2097152000000001
93	Region23	0	0	0	0.2097152000000001
93	Region24	0	0	0	0.2097152000000001
93	Region25	0	0	0	0.2097152000000001
94	Region01	1	0	1	0.1677721600000001
94	Region02	0	0	0	0.1677721600000001
94	Region03	0	0	0	0.1677721600000001
94	Region04	0	0	0	0.1677721600000001
94	Region05	0	0	0	0.1677721600000001
94	Region06	0	0	0	0.1677721600000001
94	Region07	0	0	0	0.1677721600000001
94	Region08	0	0	0	0.1677721600000001
94	Region09	0	0	0	0.1677721600000001
94	Region10	0	0	0	0.1677721600000001
94	Region11	0	0	0	0.1677721600000001
94	Region12	0	0	0	0.1677721600000001
94	Region13	0	0	0	0.1677721600000001
94	Region14	0	0	0	0.1677721600000001
94	Region15	0	0	0	0.1677721600000001
94	Region16	0	0	0	0.1677721600000001
94	Region17	0	0	0	0.1677721600000001
94	Region18	0	0	0	0.1677721600000001
94	Region19	0	0	0	0.1677721600000001
94	Region20	0	0	0	0.1677721600000001
94	Region21	0	0	0	0.1677721600000001
94	Region22	0	0	0	0.1677721600000001
94	Region23	0	0	0	0.1677721600000001
94	Region24	0	0	0	0.1677721600000001
94	Region25	0	0	0	0.1677721600000001
95	Region01	1	0	1	0.13421772800000006
95	Region02	0	0	0	0.13421772800000006
95	Region03	0	0	0	0.13421772800000006
95	Region04	0	0	0	0.13421772800000006
95	Region05	0	0	0	0.13421772800000006
95	Region06	0	0	0	0.13421772800000006
95	Region07	0	0	0	0.13421772800000006
95	Region08	0	0	0	0.13421772800000006
95	Region09	0	0	0	0.13421772800000006
95	Region10	0	0	0	0.13421772800000006
95	Region11	0	0	0	0.13421772800000006
95	Region12	0	0	0	0.13421772800000006
95	Region13	0	0	0	0.13421772800000006
95	Region14	0	0	0	0.13421772800000006
95	Region15	0	0	0	0.13421772800000006
95	Region16	0	0	0	0.13421772800000006
95	Region17	0	0	0	0.13421772800000006
95	Region18	0	0	0	0.13421772800000006
95	Region19	0	0	0	0.13421772800000006
95	Region20	0	0	0	0.13421772800000006
95	Region21	0	0	0	0.13421772800000006
95	Region22	0	0	0	0.13421772800000006
95	Region23	0	0	0	0.13421772800000006
95	Region24	0	0	0	0.13421772800000006
95	Region25	0	0	0	0.13421772800000006
96	Region01	1	0	1	0.10737418240000006
96	Region02	0	0	0	0.10737418240000006
96	Region03	0	0	0	0.10737418240000006
96	Region04	0	0	0	0.10737418240000006
96	Region05	0	0	0	0.10737418240000006
96	Region06	0	0	0	0.10737418240000006
96	Region07	0	0	0	0.10737418240000006
96	Region08	0	0	0	0.10737418240000006
96	Region09	0	0	0	0.10737418240000006
96	Region10	0	0	0	0.10737418240000006
96	Region11	0	0	0	0.10737418240000006
96	Region12	0	0	0	0.10737418240000006
96	Region13	0	0	0	0.10737418240000006
96	Region14	0	0	0	0.10737418240000006
96	Region15	0	0	0	0.10737418240000006
96	Region16	0	0	0	0.10737418240000006
96	Region17	0	0	0	0.10737418240000006
96	Region18	0	0	0	0.10737418240000006
96	Region19	0	0	0	0.10737418240000006
96	Region20	0	0	0	0.10737418240000006
96	Region21	0	0	0	0.10737418240000006
96	Region22	0	0	0	0.10737418240000006
96	Region23	0	0	0	0.10737418240000006
96	Region24	0	0	0	0.10737418240000006
96	Region25	0	0	0	0.10737418240000006
97	Region01	1	0	1	0.08589934592000005
97	Region02	0	0	0	0.08589934592000005
97	Region03	0	0	0	0.08589934592000005
97	Region04	0	0	0	0.08589934592000005
97	Region05	0	0	0	0.08589934592000005
97	Region06	0	0	0	0.08589934592000005
97	Region07	0	0	0	0.08589934592000005
97	Region08	0	0	0	0.08589934592000005
97	Region09	0	0	0	0.08589934592000005
97	Region10	0	0	0	0.08589934592000005
97	Region11	0	0	0	0.08589934592000005
97	Region12	0	0	0	0.08589934592000005
97	Region13	0	0	0	0.08589934592000005
97	Region14	0	0	0	0.08589934592000005
97	Region15	0	0	0	0.08589934592000005
97	Region16	0	0	0	0.08589934592000005
97	Region17	0	0	0	0.08589934592000005
97	Region18	0	0	0	0.08589934592000005
97	Region19	0	0	0	0.08589934592000005
97	Region20	0	0	0	0.08589934592000005
97	Region21	0	0	0	0.08589934592000005
97	Region22	0	0	0	0.08589934592000005
97	Region23	0	0	0	0.08589934592000005
97	Region24	0	0	0	0.08589934592000005
97	Region25	0	0	0	0.08589934592000005
98	Region01	1	0	1	0.06871947673600004
98	Region02	0	0	0	0.06871947673600004
98	Region03	0	0	0	0.06871947673600004
98	Region04	0	0	0	0.06871947673600004
98	Region05	0	0	0	0.06871947673600004
98	Region06	0	0	0	0.06871947673600004
98	Region07	0	0	0	0.06871947673600004
98	Region08	0	0	0	0.06871947673600004
98	Region09	0	0	0	0.06871947673600004
98	Region10	0	0	0	0.06871947673600004
98	Region11	0	0	0	0.06871947673600004
98	Region12	0	0	0	0.06871947673600004
98	Region13	0	0	0	0.06871947673600004
98	Region14	0	0	0	0.06871947673600004
98	Region15	0	0	0	0.06871947673600004
98	Region16	0	0	0	0.06871947673600004
98	Region17	0	0	0	0.06871947673600004
98	Region18	0	0	0	0.06871947673600004
98	Region19	0	0	0	0.06871947673600004
98	Region20	0	0	0	0.06871947673600004
98	Region21	0	0	0	0.06871947673600004
98	Region22	0	0	0	0.06871947673600004
98	Region23	0	0	0	0.06871947673600004
98	Region24	0	0	0	0.06871947673600004
98	Region25	0	0	0	0.06871947673600004
99	Region01	1	0	1	0.054975581388800036
99	Region02	0	0	0	0.054975581388800036
99	Region03	0	0	0	0.054975581388800036
99	Region04	0	0	0	0.054975581388800036
99	Region05	0	0	0	0.054975581388800036
99	Region06	0	0	0	0.054975581388800036
99	Region07	0	0	0	0.054975581388800036
99	Region08	0	0	0	0.054975581388800036
99	Region09	0	0	0	0.054975581388800036
99	Region10	0	0	0	0.054975581388800036
99	Region11	0	0	0	0.054975581388800036
99	Region12	0	0	0	0.054975581388800036
99	Region13	0	0	0	0.054975581388800036
99	Region14	0	0	0	0.054975581388800036
99	Region15	0	0	0	0.054975581388800036
99	Region16	0	0	0	0.054975581388800036
99	Region17	0	0	0	0.054975581388800036
99	Region18	0	0	0	0.054975581388800036
99	Region19	0	0	0	0.054975581388800036
99	Region20	0	0	0	0.054975581388800036
99	Region21	0	0	0	0.054975581388800036
99	Region22	0	0	0	0.054975581388800036
99	Region23	0	0	0	0.054975581388800036
99	Region24	0	0	0	0.054975581388800036
99	Region25	0	0	0	0.054975581388800036
100	Region01	1	0	1	0.043980465111040035
100	Region02	0	0	0	0.043980465111040035
100	Region03	0	0	0	0.043980465111040035
100	Region04	0	0	0	0.043980465111040035
100	Region05	0	0	0	0.043980465111040035
100	Region06	0	0	0	0.043980465111040035
100	Region07	0	0	0	0.043980465111040035
100	Region08	0	0	0	0.043980465111040035
100	Region09	0	0	0	0.043980465111040035
100	Region10	0	0	0	0.043980465111040035
100	Region11	0	0	0	0.043980465111040035
100	Region12	0	0	0	0.043980465111040035
100	Region13	0	0	0	0.043980465111040035
100	Region14	0	0	0	0.043980465111040035
100	Region15	0	0	0	0.043980465111040035
100	Region16	0	0	0	0.043980465111040035
100	Region17	0	0	0	0.043980465111040035
100	Region18	0	0	0	0.043980465111040035
100	Region19	0	0	0	0.043980465111040035
100	Region20	0	0	0	0.043980465111040035
100	Region21	0	0	0	0.043980465111040035
100	Region22	0	0	0	0.043980465111040035
100	Region23	0	0	0	0.043980465111040035
100	Region24	0	0	0	0.043980465111040035
100	Region25	0	0	0	0.043980465111040035
101	Region01	1	0	1	0.03518437208883203
101	Region02	0	0	0	0.03518437208883203
101	Region03	0	0	0	0.03518437208883203
101	Region04	0	0	0	0.03518437208883203
101	Region05	0	0	0	0.03518437208883203
101	Region06	0	0	0	0.03518437208883203
101	Region07	0	0	0	0.03518437208883203
101	Region08	0	0	0	0.03518437208883203
101	Region09	0	0	0	0.03518437208883203
101	Region10	0	0	0	0.03518437208883203
101	Region11	0	0	0	0.03518437208883203
101	Region12	0	0	0	0.03518437208883203
101	Region13	0	0	0	0.03518437208883203
101	Region14	0	0	0	0.03518437208883203
101	Region15	0	0	0	0.03518437208883203
101	Region16	0	0	0	0.03518437208883203
101	Region17	0	0	0	0.03518437208883203
101	Region18	0	0	0	0.03518437208883203
101	Region19	0	0	0	0.03518437208883203
101	Region20	0	0	0	0.03518437208883203
101	Region21	0	0	0	0.03518437208883203
101	Region22	0	0	0	0.03518437208883203
101	Region23	0	0	0	0.03518437208883203
101	Region24	0	0	0	0.03518437208883203
101	Region25	0	0	0	0.03518437208883203
102	Region01	1	0	1	0.08342515348439043
102	Region02	0	0	0	0.09950541394957657
102	Region03	0	0	0	0.08342515348439043
102	Region04	0	0	0	0.07377699720527875
102	Region05	0	0	0	0.0673448930192043
102	Region06	0	0	0	0.09950541394957657
102	Region07	0	0	0	0.13166593487994882
102	Region08	0	0	0	0.09950541394957657
102	Region09	0	0	0	0.08342515348439043
102	Region10	0	0	0	0.07377699720527875
102	Region11	0	0	0	0.08342515348439043
102	Region12	0	0	0	0.09950541394957657
102	Region13	0	0	0	0.08342515348439043
102	Region14	0	0	0	0.07377699720527875
102	Region15	0	0	0	0.0673448930192043
102	Region16	0	0	0	0.07377699720527875
102	Region17	0	0	0	0.08342515348439043
102	Region18	0	0	0	0.07377699720527875
102	Region19	0	0	0	0.0673448930192043
102	Region20	0	0	0	0.06275053288629398
102	Region21	0	0	0	0.0673448930192043
102	Region22	0	0	0	0.07377699720527875
102	Region23	0	0	0	0.0673448930192043
102	Region24	0	0	0	0.06275053288629398
102	Region25	0	0	0	0.05930476278661123
103	Region01	1	0	1	0.14453014325209773
103	Region02	0	0	0	0.18955487255461892
103	Region03	0	0	0	0.14453014325209773
103	Region04	0	0	0	0.12008814734501481
103	Region05	0	0	0	0.10465109729843611
103	Region06	0	0	0	0.14453014325209773
103	Region07	0	0	0	0.1895548725546189
103	Region08	0	0	0	0.14453014325209773
103	Region09	0	0	0	0.1200881473450148
103	Region10	0	0	0	0.10465109729843614
103	Region11	0	0	0	0.1200881473450148
103	Region12	0	0	0	0.14453014325209773
103	Region13	0	0	0	0.1200881473450148
103	Region14	0	0	0	0.10465109729843614
103	Region15	0	0	0	0.09399218179008417
103	Region16	0	0	0	0.10465109729843614
103	Region17	0	0	0	0.1200881473450148
103	Region18	0	0	0	0.10465109729843614
103	Region19	0	0	0	0.09399218179008417
103	Region20	0	0	0	0.08618176956413663
103	Region21	0	0	0	0.09399218179008417
103	Region22	0	0	0	0.10465109729843614
103	Region23	0	0	0	0.09399218179008417
103	Region24	0	0	0	0.08618176956413663
103	Region25	0	0	0	0.0802091013913532
104	Region01	1	0	1	0.14453014325209773
104	Region02	0	0	0	0.18955487255461892
104	Region03	0	0	0	0.14453014325209773
104	Region04	0	0	0	0.12008814734501481
104	Region05	0	0	0	0.10465109729843611
104	Region06	0	0	0	0.14453014325209773
104	Region07	0	0	0	0.1895548725546189
104	Region08	0	0	0	0.14453014325209773
104	Region09	0	0	0	0.1200881473450148
104	Region10	0	0	0	0.10465109729843614
104	Region11	0	0	0	0.1200881473450148
104	Region12	0	0	0	0.14453014325209773
104	Region13	0	0	0	0.1200881473450148
104	Region14	0	0	0	0.10465109729843614
104	Region15	0	0	0	0.09399218179008417
104	Region16	0	0	0	0.10465109729843614
104	Region17	0	0	0	0.1200881473450148
104	Region18	0	0	0	0.10465109729843614
104	Region19	0	0	0	0.09399218179008417
104	Region20	0	0	0	0.08618176956413663
104	Region21	0	0	0	0.09399218179008417
104	Region22	0	0	0	0.10465109729843614
104	Region23	0	0	0	0.09399218179008417
104	Region24	0	0	0	0.08618176956413663
104	Region25	0	0	0	0.0802091013913532
105	Region01	1	0	1	0.1156241146016782
105	Region02	0	0	0	0.15164389804369516
105	Region03	0	0	0	0.1156241146016782
105	Region04	0	0	0	0.09607051787601185
105	Region05	0	0	0	0.08372087783874889
105	Region06	0	0	0	0.1156241146016782
105	Region07	0	0	0	0.15164389804369513
105	Region08	0	0	0	0.1156241146016782
105	Region09	0	0	0	0.09607051787601184
105	Region10	0	0	0	0.08372087783874892
105	Region11	0	0	0	0.09607051787601184
105	Region12	0	0	0	0.1156241146016782
105	Region13	0	0	0	0.09607051787601184
105	Region14	0	0	0	0.08372087783874892
105	Region15	0	0	0	0.07519374543206735
105	Region16	0	0	0	0.08372087783874892
105	Region17	0	0	0	0.09607051787601184
105	Region18	0	0	0	0.08372087783874892
105	Region19	0	0	0	0.07519374543206735
105	Region20	0	0	0	0.06894541565130931
105	Region21	0	0	0	0.07519374543206735
105	Region22	0	0	0	0.08372087783874892
105	Region23	0	0	0	0.07519374543206735
105	Region24	0	0	0	0.06894541565130931
105	Region25	0	0	0	0.06416728111308256
