day	casualties	evacuated	shelter
0	0	0	0
1	0	0	0
2	0	0	0
3	0	0	0
4	0	0	0
5	0	36	0
6	0	54	0
7	0	54	0
8	0	54	0
9	0	54	0
10	0	54	0
11	0	54	0
12	0	54	0
13	0	54	0
14	0	54	0
15	0	54	0
16	0	54	0
17	0	54	0
18	0	54	0
19	0	54	0
20	0	54	0
21	0	54	0
22	0	54	0
23	0	54	0
24	0	54	0
25	0	54	0
26	0	54	0
27	1	54	0
28	1	54	0
29	1	54	0
30	1	54	0
31	1	54	0
32	1	54	0
33	1	54	0
34	1	54	0
35	1	54	0
36	1	54	0
37	1	54	0
38	2	54	0
39	6	54	0
40	6	54	0
41	6	54	0
42	8	54	0
43	10	54	0
44	12	54	0
45	12	54	0
46	13	54	0
47	13	54	0
48	13	54	0
49	13	54	0
50	13	54	0
51	13	54	0
52	13	54	0
53	13	54	0
54	13	54	0
55	13	54	0
56	13	54	0
57	13	54	0
58	13	54	0
59	13	54	0
60	13	54	0
61	13	54	0
62	13	54	0
63	13	54	0
64	13	54	0
65	13	54	0
66	13	54	0
67	13	54	0
68	13	54	0
69	13	54	0
70	13	54	0
71	13	54	0
72	14	54	0
73	14	54	0
74	14	54	0
75	14	54	0
76	14	54	0
77	14	54	0
78	14	54	0
79	14	54	0
80	14	54	0
81	14	54	0
82	14	54	0
83	16	54	0
84	17	54	0
85	18	54	0
86	18	54	0
87	18	54	0
88	18	54	0
89	18	54	0
90	18	54	0
91	18	54	0
92	18	54	0
93	18	54	0
94	18	54	0
95	18	54	0
96	18	54	0
97	20	54	0
98	20	54	0
99	22	54	0
100	22	54	0
101	22	54	0
102	22	54	0
103	22	54	0
104	22	54	0
105	22	54	0
106	22	54	0
107	22	54	0
108	22	54	0
109	22	54	0
110	22	54	0
111	22	54	0
112	22	54	0
113	22	54	0
114	22	54	0
115	22	54	0
116	23	54	0
117	23	54	0
118	23	54	0
119	23	54	0
120	23	54	0
121	23	54	0
122	23	54	0
123	23	54	0
124	23	54	0
125	23	54	0
126	23	54	0
127	23	54	0
128	23	54	0
129	23	54	0
130	23	54	0
131	23	54	0
132	23	54	0
133	23	54	0
134	23	54	0
135	23	54	0
136	23	54	0
137	23	54	0
138	23	54	0
139	23	54	0
140	23	54	0
141	23	54	0
142	23	54	0
143	23	54	0
144	23	54	0
145	23	54	0
146	23	54	0
147	23	54	0
148	23	54	0
149	23	54	0
150	23	54	0
151	23	54	0
152	23	54	0
153	23	54	0
