day	participant	x	y
0	0001	0.5677050704202443	0.9203304391919288
0	0002	0.957361711556158	0.7062058063676047
0	0003	0.8203999947120169	0.7259492874772981
0	0004	0.52236266535893	0.853943007184872
0	0005	0.9545621653457477	0.025344714826901038
0	0006	0.15142010875655154	0.03626899424341401
0	0007	0.9020201583500368	0.7556621536750643
0	0008	0.5849556981106074	0.3929525501051674
0	0009	0.03355624624864695	0.16116501518123416
0	0010	0.6241640507547823	0.8002074556343963
0	0011	0.09977308675499097	0.1817600783004253
0	0012	0.433733868789665	0.5115013422170477
0	0013	0.6105103371030303	0.28958076753016326
0	0014	0.41067437557350694	0.48586294400200114
0	0015	0.39178097036424775	0.4632243822490074
0	0016	0.024668772654101057	0.6591596638439184
0	0017	0.8043499769193377	0.9320538602182384
0	0018	0.09594731085866581	0.3560572279701708
0	0019	0.2963825195326958	0.2316996433466908
0	0020	0.7153648176354613	0.2572605175492607
0	0021	0.5951641752068053	0.8818175177034232
0	0022	0.7456127547619384	0.6584850257740427
0	0023	0.7115764834486933	0.8832209368520051
0	0024	0.767000740778386	0.19953804667599317
0	0025	0.20499749461103856	0.9667807874095398
0	0026	0.5029007081711343	0.027527816497436852
0	0027	0.16257014497729083	0.3816634192488769
0	0028	0.3084304444363558	0.6490652422114037
0	0029	0.3929665648794525	0.8407047683037558
0	0030	0.23210957290703327	0.27748653338305496
0	0031	0.29198716179327344	0.8945732052166709
0	0032	0.3560979153234104	0.7950976352049486
0	0033	0.9487821111119297	0.7425599053459221
0	0034	0.17477422399760756	0.9577122993866662
0	0035	0.9176443210125241	0.8831942508543364
0	0036	0.9261775351945414	0.0950454098784631
0	0037	0.3727890301344866	0.7678165630359295
0	0038	0.6103760671420815	0.3945736007970223
0	0039	0.9889301017023259	0.8407913572456609
0	0040	0.9150902790955766	0.07733650053007779
0	0041	0.9715043441930749	0.6493614574181116
0	0042	0.8220485882031889	0.522884907853504
0	0043	0.3791316772754565	0.6226878885001401
0	0044	0.37730017454841935	0.29739380881665856
0	0045	0.2291029797544577	0.7030890296221823
0	0046	0.702643623365602	0.4751504923379397
0	0047	0.186476511976715	0.9558230794391178
0	0048	0.41268673463199623	0.41545651605552036
0	0049	0.5380118692509301	0.39240228826949686
0	0050	0.25457890790073157	0.190847095704198
