day	casualties	evacuated	shelter
0	0	0	0
1	0	0	0
2	0	0	0
3	0	0	0
4	0	0	0
5	0	71	0
6	0	80	0
7	0	80	0
8	0	80	0
9	0	80	0
10	0	80	0
11	0	80	0
12	0	80	0
13	0	80	0
14	0	80	0
15	0	80	0
16	0	80	0
17	0	80	0
18	0	80	0
19	0	80	0
20	0	80	0
21	0	80	0
22	0	80	0
23	0	80	0
24	0	80	0
25	0	80	0
26	0	80	0
27	0	80	0
28	0	80	0
29	0	80	0
30	0	80	0
31	0	80	0
32	0	80	0
33	0	80	0
34	0	80	0
35	0	80	0
36	0	80	0
37	0	80	0
38	0	80	0
39	0	80	0
40	0	80	0
41	0	80	0
42	0	80	0
43	0	80	0
44	0	80	0
45	0	80	0
46	0	80	0
47	0	80	0
48	0	80	0
49	0	80	0
50	0	80	0
51	0	80	0
52	0	80	0
53	0	80	0
54	0	80	0
55	0	80	0
56	0	80	0
57	0	80	0
58	0	80	0
59	0	80	0
60	0	80	0
61	0	80	0
62	0	80	0
63	0	80	0
64	0	80	0
65	0	80	0
66	0	80	0
67	0	80	0
68	0	80	0
69	0	80	0
70	0	80	0
71	0	80	0
72	0	80	0
73	0	80	0
74	0	80	0
75	0	80	0
76	0	80	0
77	0	80	0
78	0	80	0
79	0	80	0
80	2	80	0
81	3	80	0
82	3	80	0
83	4	80	0
84	6	80	0
85	6	80	0
86	6	80	0
87	9	80	0
88	10	80	0
89	10	80	0
90	10	80	0
91	10	80	0
92	10	80	0
93	10	80	0
94	10	80	0
95	10	80	0
96	10	80	0
97	10	80	0
98	10	80	0
99	10	80	0
100	10	80	0
101	10	80	0
102	10	80	0
103	10	80	0
104	10	80	0
105	10	80	0
106	10	80	0
107	10	80	0
108	10	80	0
109	10	80	0
110	10	80	0
111	10	80	0
112	10	80	0
113	10	80	0
114	10	80	0
115	10	80	0
116	10	80	0
117	10	80	0
118	10	80	0
119	10	80	0
120	10	80	0
121	10	80	0
122	10	80	0
123	10	80	0
124	10	80	0
125	10	80	0
126	10	80	0
127	10	80	0
128	10	80	0
129	10	80	0
130	10	80	0
131	10	80	0
132	10	80	0
133	10	80	0
134	10	80	0
135	10	80	0
136	10	80	0
137	10	80	0
138	10	80	0
139	10	80	0
140	10	80	0
141	10	80	0
142	10	80	0
143	10	80	0
144	10	80	0
145	10	80	0
146	10	80	0
147	10	80	0
148	10	80	0
149	10	80	0
150	10	80	0
151	10	80	0
152	10	80	0
153	10	80	0
154	10	80	0
